14
18
19
25
28
33
35
38
39
45
52
58
62
65
73
86
92
93
95
97
98
103
105
106
107
111
119
125
132
138
139
143
148
150
154
159
169
170
178
185
190
196
203
205
209
223
238
239
240
242
245
248
261
264
266
267
271
279
281
285
288
292
301
302
303
305
318
339
340
341
342
344
346
347
355
366
380
384
386
392
394
398
402
412
415
422
424
426
434
436
437
438
443
445
448
455
461
466
468
476
479
481
482
491
500
512
520
521
525
535
536
542
548
554
555
563
564
567
574
577
583
584
591
593
604
610
615
621
624
630
631
633
643
645
650
664
668
675
678
679
681
691
701
702
703
722
726
735
736
739
746
751
758
759
764
767
769
772
774
775
780
786
800
801
803
804
822
823
837
839
840
845
851
852
855
857
860
863
882
886
887
888
892
893
898
906
910
912
917
932
935
938
942
943
952
954
957
961
972
975
984
992
993
995
1000
1006
1007
1008
1013
1028
1034
1036
1041
1042
1044
1048
1049
1051
1053
1057
1058
1060
1062
1073
1080
1092
1096
1097
1103
1105
1108
1111
1114
1122
1127
1128
1138
1144
1153
1169
1171
1174
1181
1184
1193
1197
1208
1210
1215
1221
1224
1225
1226
1238
1243
1245
1253
1258
1262
1266
1268
1276
1278
1280
1287
1298
1305
1309
1312
1314
1319
1322
1323
1337
1345
1355
1371
1378
1380
1384
1392
1396
1400
1401
1410
1424
1428
1433
1439
1440
1441
1442
1449
1458
1460
1469
1470
1474
1479
1486
1487
1495
1502
1506
1514
1517
1519
1527
1531
1532
1538
1539
1543
1544
1546
1547
1550
1552
1553
1558
1559
1561
1562
1568
1571
1577
1579
1584
1589
1592
1598
1604
1609
1618
1619
1621
1626
1627
1650
1652
1655
1658
1659
1661
1663
1664
1669
1674
1694
1700
1703
1706
1715
1719
1732
1735
1754
1757
1763
1766
1775
1777
1781
1784
1789
1792
1793
1808
1814
1824
1828
1855
1865
1869
1879
1880
1882
1886
1889
1890
1897
1903
1917
1922
1924
1927
1937
1939
1948
1951
1956
1957
1969
1974
1979
1983
1988
1994
2002
2004
2005
2008
2010
2015
2018
2021
2028
2029
2031
2032
2033
2037
2042
2044
2054
2060
2061
2067
2069
2070
2072
2074
2083
2090
2095
2096
2098
2105
2106
2107
2108
2113
2115
2121
2129
2133
2147
2151
2154
2157
2159
2163
2170
2175
2179
2187
2191
2193
2201
2204
2210
2211
2216
2220
2222
2228
2235
2237
2243
2247
2248
2255
2261
2262
2271
2277
2282
2284
2286
2302
2304
2305
2309
2316
2317
2326
2334
2336
2343
2351
2352
2353
2354
2366
2367
2373
2374
2375
2377
2378
2386
2387
2388
2390
2396
2397
2404
2407
2409
2411
2412
2414
2415
2421
2430
2431
2436
2437
2441
2445
2456
2459
2461
2463
2477
2481
2488
2489
2490
2503
2509
2511
2514
2517
2523
2525
2527
2528
2537
2541
2542
2546
2554
2557
2560
2561
2574
2577
2580
2583
2587
2589
2595
2596
2597
2598
2608
2612
2617
2629
2634
2635
2637
2639
2648
2650
2651
2654
2669
2675
2682
2687
2688
2689
2690
2696
2699
2712
2714
2715
2726
2728
2732
2739
2740
2744
2745
2748
2749
2755
2756
2757
2758
2766
2770
2774
2775
2776
2777
2789
2798
2800
2802
2804
2806
2810
2819
2821
2824
2827
2828
2829
2831
2839
2842
2850
2867
2873
2875
2877
2879
2880
2883
2886
2891
2894
2895
2898
2914
2915
2916
2926
2929
2930
2931
2935
2936
2941
2943
2944
2948
2951
2953
2955
2957
2958
2959
2982
2983
2988
2989
2992
2994
2996
2997
3002
3003
3005
3007
3013
3024
3025
3031
3038
3048
3050
3052
3055
3059
3062
3063
3064
3066
3070
3071
3080
3083
3091
3102
3108
3114
3118
3119
3123
3137
3143
3145
3151
3155
3160
3161
3165
3168
3170
3180
3181
3183
3188
3193
3195
3201
3208
3209
3219
3220
3229
3231
3241
3242
3243
3255
3259
3272
3275
3282
3292
3294
3297
3298
3299
3303
3307
3308
3309
3311
3320
3321
3322
3325
3327
3329
3334
3338
3340
3345
3350
3353
3354
3355
3357
3362
3370
3374
3381
3384
3404
3410
3415
3416
3428
3429
3447
3458
3460
3462
3466
3467
3471
3475
3476
3479
3490
3493
3496
3506
3507
3508
3514
3516
3522
3525
3533
3536
3540
3552
3555
3558
3563
3564
3567
3571
3574
3575
3579
3583
3598
3604
3606
3608
3610
3613
3615
3620
3626
3628
3633
3636
3637
3642
3643
3655
3657
3666
3672
3675
3676
3678
3680
3681
3682
3688
3689
3691
3693
3698
3700
3711
3713
3717
3721
3722
3730
3731
3732
3734
3740
3741
3742
3746
3750
3752
3755
3756
3763
3765
3766
3769
3779
3783
3788
3789
3793
3795
3801
3802
3807
3811
3814
3815
3823
3831
3837
3838
3845
3847
3850
3855
3860
3865
3868
3872
3874
3877
3887
3897
3901
3907
3918
3934
3938
3941
3947
3950
3955
3964
3972
3975
3985
3988
3989
3993
3996
4000
4001
4003
4007
4009
4012
4016
4018
4019
4024
4025
4031
4039
4045
4047
4049
4054
4057
4061
4063
4073
4078
4081
4087
4091
4094
4098
4104
4120
4121
4123
4132
4133
4135
4136
4140
4150
4160
4165
4170
4171
4174
4175
4180
4181
4183
4190
4192
4193
4197
4209
4216
4219
4224
4240
4241
4242
4246
4250
4253
4261
4263
4267
4276
4280
4285
4290
4292
4293
4294
4299
4300
4302
4306
4309
4310
4311
4313
4316
4325
4329
4348
4350
4351
4358
4359
4360
4363
4364
4373
4374
4379
4384
4387
4394
4395
4396
4412
4416
4419
4422
4426
4432
4433
4440
4443
4445
4452
4461
4463
4467
4469
4478
4482
4483
4485
4488
4498
4505
4506
4507
4508
4512
4522
4525
4537
4540
4542
4544
4552
4556
4558
4563
4567
4568
4573
4580
4581
4582
4585
4588
4597
4602
4605
4606
4607
4609
4610
4614
4616
4624
4639
4643
4659
4661
4664
4666
4685
4689
4690
4694
4702
4708
4713
4715
4718
4719
4724
4725
4726
4728
4731
4741
4745
4747
4748
4751
4758
4775
4783
4784
4786
4791
4801
4803
4804
4808
4813
4814
4817
4818
4821
4823
4826
4827
4835
4837
4838
4845
4847
4849
4850
4851
4860
4864
4869
4874
4885
4892
4894
4901
4905
4910
4916
4920
4924
4927
4928
4929
4938
4940
4947
4963
4964
4965
4967
4969
4971
4977
4989
4990
5000
5005
5012
5013
5019
5022
5024
5026
5031
5032
5034
5042
5049
5050
5051
5059
5060
5061
5064
5076
5084
5092
5093
5099
5100
5104
5115
5117
5123
5124
5141
5143
5148
5154
5162
5163
5166
5169
5170
5174
5179
5182
5187
5198
5200
5209
5210
5215
5220
5222
5227
5229
5233
5235
5242
5247
5250
5251
5257
5265
5274
5279
5297
5307
5309
5310
5319
5320
5321
5324
5327
5332
5333
5348
5352
5368
5369
5380
5387
5390
5405
5407
5414
5415
5416
5419
5421
5422
5426
5435
5439
5441
5446
5447
5449
5458
5459
5468
5474
5475
5479
5480
5482
5483
5490
5500
5512
5514
5516
5517
5520
5521
5522
5532
5533
5535
5544
5545
5549
5557
5559
5563
5564
5566
5568
5571
5579
5580
5581
5590
5592
5600
5609
5610
5614
5638
5641
5645
5655
5657
5658
5659
5660
5662
5668
5672
5681
5685
5689
5701
5703
5706
5710
5721
5724
5728
5737
5739
5742
5744
5746
5748
5749
5756
5763
5764
5766
5767
5768
5769
5780
5781
5786
5787
5801
5804
5805
5813
5814
5817
5818
5819
5820
5823
5828
5831
5834
5839
5840
5842
5845
5850
5853
5856
5860
5863
5869
5876
5879
5887
5890
5901
5902
5908
5916
5922
5924
5929
5931
5936
5941
5942
5944
5948
5953
5956
5964
5971
5973
5980
5982
5983
5988
5989
5991
5993
5996
6010
6014
6019
6020
6022
6024
6025
6029
6035
6036
6038
6039
6044
6046
6049
6051
6053
6056
6058
6064
6067
6069
6071
6078
6079
6084
6096
6097
6101
6102
6105
6108
6110
6111
6113
6114
6120
6122
6125
6130
6134
6144
6148
6149
6153
6155
6161
6179
6183
6192
6200
6201
6208
6217
6219
6224
6229
6233
6236
6241
6242
6244
6245
6248
6263
6264
6267
6268
6276
6279
6280
6281
6288
6302
6314
6316
6319
6322
6325
6326
6327
6330
6334
6338
6339
6343
6361
6363
6365
6370
6373
6375
6382
6384
6387
6388
6389
6391
6395
6397
6400
6403
6404
6410
6424
6428
6430
6431
6432
6433
6434
6436
6441
6446
6447
6449
6453
6457
6465
6468
6486
6487
6512
6515
6519
6527
6528
6533
6538
6539
6542
6544
6545
6553
6562
6564
6565
6566
6568
6587
6595
6596
6598
6600
6603
6607
6613
6620
6630
6635
6636
6637
6645
6650
6653
6664
6667
6678
6684
6687
6689
6693
6702
6704
6711
6717
6728
6732
6737
6739
6741
6748
6761
6767
6773
6776
6780
6788
6789
6790
6799
6802
6806
6810
6811
6814
6825
6835
6838
6843
6850
6854
6855
6864
6869
6876
6877
6880
6881
6884
6888
6897
6900
6902
6912
6915
6926
6927
6928
6935
6944
6948
6949
6952
6954
6958
6961
6962
6966
6974
6976
6979
6982
6988
7001
7004
7010
7011
7014
7015
7017
7018
7027
7029
7035
7039
7040
7043
7044
7049
7050
7052
7058
7060
7062
7063
7067
7068
7076
7081
7090
7094
7109
7111
7117
7121
7123
7125
7133
7147
7148
7150
7158
7162
7167
7179
7195
7201
7202
7205
7208
7210
7216
7218
7224
7226
7228
7236
7241
7244
7245
7246
7248
7249
7252
7255
7258
7268
7274
7275
7277
7287
7292
7296
7299
7310
7311
7312
7326
7346
7348
7351
7355
7358
7360
7364
7366
7368
7369
7373
7374
7379
7383
7384
7387
7391
7392
7394
7395
7401
7415
7416
7424
7426
7430
7443
7444
7450
7454
7455
7456
7460
7464
7467
7468
7469
7470
7473
7475
7482
7485
7487
7495
7498
7500
7502
7503
7504
7505
7508
7509
7513
7515
7516
7524
7530
7534
7537
7540
7549
7550
7555
7559
7562
7563
7568
7569
7571
7572
7577
7578
7581
7583
7586
7593
7596
7598
7602
7605
7606
7607
7609
7612
7613
7616
7618
7619
7622
7623
7624
7627
7628
7629
7631
7633
7634
7635
7636
7638
7639
7640
7641
7642
7646
7648
7649
7651
7655
7657
7663
7664
7666
7667
7683
7684
7686
7687
7689
7695
7697
7699
7700
7703
7707
7713
7718
7724
7725
7735
7736
7737
7739
7740
7741
7743
7745
7746
7748
7749
7756
7758
7760
7764
7767
7773
7774
7780
7782
7783
7784
7785
7789
7790
7792
7799
7801
7802
7803
7805
7807
7809
7812
7813
7814
7816
7817
7823
7825
7827
7833
7834
7839
7841
7842
7843
7844
7845
7847
7854
7878
7883
7892
7893
7900
7903
7905
7907
7909
7911
7914
7918
7919
7923
7924
7931
7933
7937
7944
7956
7959
7965
7966
7981
7983
7986
7987
7992
7993
7994
7995
7998
8000
8002
8007
8013
8015
8020
8027
8029
8031
8045
8049
8051
8063
8064
8067
8068
8071
8072
8074
8075
8076
8079
8083
8085
8086
8089
8092
8093
8094
8097
8098
8102
8108
8109
8111
8112
8119
8120
8121
8122
8123
8125
8129
8136
8144
8145
8147
8152
8157
8159
8162
8163
8164
8165
8168
8169
8171
8173
8180
8182
8184
8187
8192
8194
8198
8201
8202
8209
8211
8212
8216
8220
8224
8231
8232
8234
8235
8238
8239
8240
8245
8254
8255
8266
8268
8278
8280
8284
8286
8290
8294
8303
8307
8309
8315
8316
8319
8321
8322
8327
8329
8333
8334
8337
8339
8344
8357
8363
8366
8369
8370
8372
8373
8377
8381
8384
8385
8390
8401
8402
8404
8405
8406
8413
8414
8416
8417
8419
8422
8424
8425
8427
8429
8433
8439
8440
8441
8443
8447
8451
8453
8457
8462
8468
8472
8477
8482
8484
8490
8491
8496
8497
8501
8502
8506
8508
8511
8512
8515
8517
8521
8522
8526
8528
8536
8539
8542
8543
8546
8547
8550
8555
8557
8558
8560
8569
8570
8571
8574
8577
8578
8579
8581
8583
8585
8587
8589
8592
8601
8602
8604
8609
8611
8612
8615
8619
8620
8622
8624
8632
8635
8640
8641
8647
8648
8652
8664
8667
8671
8673
8675
8677
8678
8680
8681
8684
8686
8687
8690
8691
8693
8694
8700
8707
8708
8709
8711
8715
8717
8719
8722
8726
8733
8735
8736
8740
8747
8750
8760
8762
8764
8766
8767
8772
8775
8781
8782
8783
8789
8792
8793
8795
8800
8801
8805
8811
8815
8819
8820
8823
8825
8826
8829
8833
8836
8840
8844
8845
8848
8851
8852
8856
8858
8859
8863
8865
8870
8876
8879
8880
8888
8890
8894
8895
8899
8901
8904
8905
8910
8912
8915
8920
8921
8928
8929
8934
8954
8956
8961
8965
8968
8970
8972
8980
8981
8982
8983
8986
8988
8989
8990
8994
8995
8999
9001
9003
9004
9009
9014
9018
9022
9025
9026
9028
9029
9031
9036
9037
9038
9042
9043
9044
9048
9055
9056
9062
9063
9068
9070
9073
9074
9076
9077
9079
9083
9085
9093
9095
9106
9111
9113
9117
9119
9126
9131
9133
9136
9137
9141
9145
9148
9149
9162
9164
9165
9166
9167
9168
9174
9176
9178
9180
9189
9192
9193
9195
9201
9203
9207
9211
9212
9216
9218
9219
9223
9227
9233
9234
9236
9237
9238
9240
9242
9243
9245
9246
9250
9251
9253
9254
9255
9258
9259
9267
9269
9270
9271
9275
9276
9277
9281
9282
9284
9286
9287
9288
9289
9295
9296
9304
9306
9312
9313
9319
9321
9324
9325
9331
9335
9336
9346
9347
9350
9351
9354
9356
9358
9359
9367
9368
9369
9370
9372
9373
9375
9376
9377
9383
9385
9391
9397
9399
9406
9410
9417
9422
9423
9427
9429
9432
9433
9436
9437
9440
9441
9442
9443
9444
9445
9447
9450
9452
9455
9456
9462
9463
9465
9470
9476
9477
9480
9485
9490
9493
9496
9498
9500
9501
9502
9511
9513
9515
9516
9522
9526
9527
9528
9531
9533
9536
9537
9540
9543
9544
9549
9552
9560
9563
9564
9565
9566
9567
9570
9574
9575
9577
9579
9581
9583
9593
9594
9595
9603
9605
9607
9609
9612
9613
9616
9618
9620
9622
9623
9625
9627
9629
9632
9634
9637
9642
9644
9645
9646
9648
9650
9658
9659
9661
9664
9665
9667
9668
9676
9681
9684
9685
9690
9694
9696
9698
9699
9700
9701
9706
9707
9709
9711
9713
9714
9718
9719
9723
9726
9728
9729
9736
9742
9743
9749
9752
9754
9755
9756
9760
9763
9766
9770
9771
9777
9778
9782
9785
9792
9795
9798
9799
9800
9801
9808
9829
9836
9837
9838
9840
9855
9858
9859
9862
9865
9867
9871
9874
9875
9876
9882
9892
9899
9900
9902
9903
9907
9908
9909
9917
9922
9925
9926
9927
9928
9931
9932
9933
9937
9942
9945
9948
9951
9952
9957
9960
9963
9964
9965
9969
9973
9974
9975
9977
9978
9980
9981
9983
9984
9986
9987
9990
9992
9996
9997
