0
2
3
4
7
12
13
15
16
19
23
26
29
30
32
34
37
39
40
41
44
45
47
48
49
50
51
56
57
59
61
62
63
64
67
68
70
71
73
80
81
82
83
84
85
87
88
89
91
94
99
102
105
107
108
109
110
111
113
114
116
118
119
120
121
122
123
124
127
129
130
131
134
135
138
139
141
142
143
144
147
148
149
150
151
154
157
160
162
167
168
169
170
171
172
173
174
175
176
177
180
181
182
183
184
187
190
191
192
193
194
196
197
198
199
202
203
204
205
206
209
211
212
214
216
217
221
222
223
225
226
227
229
230
232
233
234
235
238
244
245
246
247
248
249
255
256
257
260
261
262
268
271
272
274
276
278
279
280
281
285
286
287
288
290
291
292
294
295
296
299
300
302
303
304
308
312
313
314
315
316
321
324
325
327
328
331
334
335
336
337
338
342
343
345
346
347
350
351
352
353
354
355
356
357
358
361
363
364
367
368
369
372
373
377
378
379
382
383
385
386
388
389
390
391
393
399
402
404
405
407
408
411
413
416
417
418
421
425
426
427
428
429
432
433
435
437
443
445
448
449
451
453
456
457
466
467
468
469
471
473
476
477
478
482
483
489
491
492
494
497
498
500
501
503
506
507
509
511
513
515
516
517
519
521
524
526
527
529
531
532
533
535
538
539
540
542
543
544
545
547
549
552
554
557
558
559
561
562
563
567
568
569
571
572
573
574
575
576
577
578
579
582
584
585
586
587
589
591
592
593
595
600
604
612
615
617
619
620
621
623
624
625
628
629
632
633
635
636
640
643
644
648
649
650
652
654
655
656
658
661
663
664
665
666
667
668
669
673
676
678
679
680
681
682
683
687
689
691
692
697
698
699
700
701
704
705
708
709
714
716
719
720
723
724
725
728
730
733
735
736
738
741
743
748
751
752
754
755
756
758
759
760
766
767
768
769
770
772
773
774
776
777
784
786
787
788
790
791
795
796
797
801
802
805
806
808
809
810
811
812
813
814
816
818
819
824
825
831
835
836
843
844
847
850
855
860
862
863
864
866
868
869
871
873
874
875
877
881
883
884
886
889
890
891
896
898
899
901
902
903
905
906
909
910
911
912
913
914
915
917
918
928
929
930
937
938
940
941
943
947
951
953
954
955
956
957
959
962
963
966
969
970
974
975
976
979
980
983
984
988
990
991
995
997
999
1000
1001
1002
1004
1005
1006
1007
1010
1011
1015
1016
1018
1019
1021
1022
1023
1024
1025
1026
1027
1028
1030
1031
1032
1034
1036
1037
1038
1042
1044
1045
1046
1047
1050
1053
1057
1058
1059
1061
1062
1064
1066
1067
1071
1072
1073
1075
1078
1088
1091
1095
1103
1105
1107
1112
1114
1116
1119
1120
1128
1130
1132
1134
1135
1136
1138
1141
1142
1144
1148
1153
1155
1156
1157
1159
1161
1162
1165
1167
1168
1171
1172
1174
1175
1176
1177
1179
1183
1184
1185
1186
1187
1189
1191
1192
1194
1196
1197
1201
1202
1203
1205
1206
1209
1212
1216
1218
1223
1224
1226
1230
1231
1236
1239
1241
1242
1243
1244
1246
1247
1249
1252
1253
1255
1256
1260
1261
1265
1266
1267
1268
1271
1274
1276
1277
1278
1279
1280
1281
1282
1283
1284
1287
1289
1295
1296
1299
1300
1301
1303
1304
1306
1309
1310
1314
1316
1319
1321
1322
1324
1325
1326
1327
1328
1329
1333
1338
1340
1345
1348
1349
1352
1356
1357
1358
1360
1361
1363
1364
1365
1371
1372
1373
1380
1382
1383
1385
1387
1390
1394
1397
1400
1401
1404
1405
1406
1407
1408
1409
1411
1414
1417
1420
1421
1425
1426
1428
1430
1432
1433
1435
1439
1441
1444
1445
1446
1447
1449
1450
1452
1457
1458
1459
1460
1461
1463
1464
1465
1467
1470
1471
1472
1475
1478
1481
1482
1485
1486
1487
1488
1490
1492
1493
1495
1497
1500
1504
1505
1508
1509
1510
1515
1516
1517
1518
1520
1522
1523
1529
1534
1537
1538
1540
1546
1547
1549
1550
1551
1552
1553
1554
1558
1559
1563
1564
1565
1566
1567
1568
1569
1570
1571
1573
1574
1576
1577
1580
1581
1583
1586
1587
1589
1590
1595
1596
1597
1599
1602
1603
1605
1606
1608
1610
1611
1613
1615
1617
1618
1620
1621
1626
1628
1629
1632
1634
1639
1641
1642
1648
1649
1651
1653
1658
1659
1661
1662
1666
1667
1668
1672
1673
1676
1677
1678
1681
1686
1687
1689
1690
1691
1696
1699
1702
1703
1704
1705
1706
1707
1708
1709
1710
1712
1714
1716
1718
1720
1721
1722
1723
1724
1725
1726
1727
1728
1732
1733
1736
1737
1738
1740
1741
1742
1744
1749
1750
1751
1754
1756
1757
1760
1763
1764
1765
1769
1770
1772
1774
1778
1781
1782
1783
1788
1793
1798
1799
1800
1802
1803
1804
1805
1807
1808
1811
1814
1815
1817
1819
1822
1823
1825
1830
1831
1835
1836
1838
1840
1843
1845
1849
1851
1854
1855
1856
1857
1859
1860
1861
1865
1866
1870
1872
1873
1877
1878
1879
1883
1885
1888
1890
1892
1897
1898
1900
1903
1904
1909
1910
1912
1914
1915
1916
1917
1920
1922
1923
1926
1927
1928
1931
1932
1933
1934
1936
1938
1942
1943
1944
1947
1948
1950
1952
1953
1955
1956
1957
1959
1961
1962
1963
1966
1967
1970
1977
1978
1979
1990
1991
1993
1994
1995
1997
1999
2000
2005
2006
2007
2010
2011
2012
2014
2015
2016
2017
2021
2022
2023
2025
2026
2028
2031
2035
2040
2047
2048
2049
2054
2055
2056
2057
2059
2062
2065
2066
2071
2072
2074
2075
2077
2078
2079
2080
2081
2082
2086
2087
2090
2092
2094
2097
2098
2099
2101
2104
2105
2106
2109
2110
2111
2113
2115
2117
2121
2122
2124
2127
2128
2130
2132
2133
2135
2137
2140
2141
2145
2148
2150
2151
2155
2158
2160
2161
2162
2168
2169
2171
2174
2176
2177
2178
2179
2180
2181
2182
2186
2188
2192
2193
2196
2203
2205
2206
2208
2210
2212
2213
2214
2216
2217
2218
2219
2224
2229
2230
2231
2232
2233
2234
2237
2238
2242
2243
2245
2246
2247
2249
2257
2259
2261
2263
2265
2269
2270
2272
2274
2276
2277
2281
2282
2283
2284
2288
2289
2293
2294
2295
2297
2298
2299
2300
2303
2305
2307
2308
2309
2310
2311
2313
2314
2316
2319
2320
2321
2322
2325
2326
2327
2328
2329
2332
2333
2336
2337
2341
2345
2349
2350
2354
2355
2358
2359
2360
2362
2363
2365
2368
2372
2373
2374
2375
2376
2378
2381
2383
2384
2393
2394
2395
2396
2398
2400
2401
2402
2403
2404
2405
2407
2410
2411
2413
2422
2423
2424
2427
2428
2429
2431
2432
2433
2435
2437
2439
2440
2443
2446
2450
2452
2453
2454
2458
2460
2462
2464
2465
2467
2468
2469
2470
2474
2476
2477
2478
2479
2481
2484
2486
2487
2488
2490
2491
2493
2494
2497
2498
2499
2505
2508
2509
2510
2511
2512
2514
2516
2517
2518
2521
2523
2528
2530
2534
2537
2539
2541
2542
2543
2544
2550
2551
2552
2553
2554
2557
2558
2559
2560
2562
2568
2575
2581
2582
2583
2585
2586
2587
2590
2593
2595
2596
2598
2601
2602
2603
2604
2613
2616
2622
2624
2625
2627
2629
2630
2632
2633
2635
2637
2641
2643
2645
2648
2649
2652
2654
2656
2659
2660
2661
2665
2666
2667
2668
2674
2675
2678
2679
2680
2684
2688
2689
2690
2691
2693
2694
2696
2698
2701
2703
2706
2709
2720
2722
2723
2726
2729
2731
2732
2733
2734
2735
2736
2737
2738
2739
2740
2741
2743
2745
2746
2747
2748
2751
2752
2753
2756
2758
2759
2760
2763
2764
2769
2770
2772
2773
2774
2775
2776
2778
2779
2781
2782
2783
2784
2786
2787
2788
2789
2793
2794
2795
2797
2798
2799
2801
2802
2805
2806
2809
2812
2813
2817
2819
2823
2824
2826
2829
2830
2831
2834
2836
2838
2839
2843
2844
2845
2846
2849
2859
2860
2861
2862
2863
2864
2866
2867
2869
2874
2875
2882
2884
2886
2887
2888
2889
2891
2892
2893
2894
2895
2896
2897
2898
2901
2904
2905
2907
2911
2912
2913
2915
2916
2917
2918
2919
2920
2921
2922
2924
2926
2929
2930
2931
2933
2940
2944
2947
2949
2951
2957
2959
2960
2961
2964
2965
2966
2967
2968
2970
2971
2974
2975
2978
2980
2982
2983
2984
2985
2987
2988
2991
2992
2994
2998
2999
3000
3001
3002
3004
3007
3008
3009
3013
3014
3015
3018
3019
3021
3024
3025
3027
3028
3029
3030
3031
3032
3034
3035
3037
3038
3040
3041
3042
3043
3045
3047
3050
3053
3055
3059
3061
3066
3069
3070
3071
3072
3076
3078
3079
3081
3085
3087
3091
3093
3094
3095
3096
3097
3098
3100
3103
3104
3105
3108
3117
3121
3123
3127
3128
3129
3132
3134
3136
3141
3147
3148
3149
3153
3154
3156
3157
3158
3160
3162
3163
3165
3167
3169
3170
3172
3175
3177
3184
3186
3188
3189
3190
3192
3193
3194
3195
3196
3197
3198
3199
3201
3202
3203
3205
3206
3208
3210
3211
3212
3213
3214
3220
3222
3223
3224
3225
3227
3229
3231
3233
3236
3237
3238
3239
3244
3245
3247
3248
3250
3254
3261
3264
3265
3267
3270
3272
3274
3275
3276
3277
3280
3282
3285
3286
3287
3291
3293
3294
3296
3297
3298
3299
3305
3306
3307
3308
3309
3311
3313
3315
3316
3317
3319
3322
3323
3324
3325
3327
3328
3329
3331
3332
3334
3336
3337
3338
3339
3340
3341
3343
3345
3347
3348
3350
3353
3355
3357
3358
3360
3363
3364
3365
3367
3368
3370
3373
3374
3376
3379
3386
3392
3396
3397
3398
3399
3400
3401
3402
3405
3411
3413
3415
3416
3417
3418
3421
3422
3424
3427
3433
3436
3438
3440
3442
3445
3446
3448
3451
3452
3455
3458
3461
3462
3463
3464
3472
3473
3476
3477
3478
3479
3480
3481
3484
3486
3487
3488
3490
3491
3493
3494
3496
3497
3498
3500
3506
3508
3511
3512
3513
3520
3521
3523
3525
3528
3529
3532
3534
3535
3536
3539
3541
3542
3543
3544
3546
3547
3549
3550
3551
3553
3555
3557
3558
3561
3562
3564
3565
3567
3568
3569
3570
3572
3573
3574
3575
3576
3577
3579
3581
3584
3586
3587
3590
3592
3594
3597
3599
3600
3601
3603
3604
3607
3609
3614
3616
3617
3620
3621
3622
3625
3627
3628
3631
3633
3634
3635
3640
3641
3642
3646
3647
3648
3650
3655
3656
3660
3661
3663
3664
3665
3666
3667
3668
3669
3671
3672
3675
3677
3679
3685
3686
3687
3688
3691
3692
3693
3695
3698
3699
3700
3701
3710
3712
3713
3715
3716
3717
3718
3719
3720
3721
3723
3725
3726
3729
3731
3732
3736
3738
3740
3747
3749
3751
3754
3756
3757
3758
3761
3762
3763
3766
3767
3768
3769
3771
3772
3774
3778
3779
3780
3782
3783
3784
3786
3789
3790
3791
3794
3796
3797
3798
3801
3805
3806
3807
3808
3813
3815
3816
3818
3820
3822
3825
3827
3828
3829
3831
3832
3835
3836
3837
3838
3839
3840
3842
3843
3845
3847
3849
3850
3851
3852
3859
3860
3861
3865
3870
3873
3874
3876
3877
3881
3882
3884
3885
3888
3894
3902
3903
3904
3905
3907
3909
3914
3916
3921
3922
3926
3928
3931
3932
3933
3936
3938
3939
3940
3942
3943
3944
3948
3949
3951
3952
3953
3955
3959
3960
3961
3962
3964
3965
3967
3971
3972
3973
3974
3976
3979
3980
3982
3983
3984
3985
3987
3988
3989
3992
3999
4001
4007
4008
4013
4014
4016
4020
4023
4024
4025
4026
4029
4031
4034
4035
4036
4037
4038
4042
4043
4044
4045
4048
4049
4053
4055
4056
4062
4063
4067
4068
4069
4070
4071
4072
4075
4076
4078
4079
4080
4084
4087
4091
4093
4095
4098
4100
4101
4103
4107
4108
4109
4111
4117
4120
4121
4122
4124
4125
4126
4131
4132
4134
4138
4139
4143
4144
4145
4146
4147
4148
4149
4153
4154
4156
4157
4158
4159
4160
4162
4163
4165
4166
4167
4169
4171
4172
4177
4178
4179
4181
4182
4187
4189
4192
4194
4195
4199
4201
4202
4203
4205
4207
4208
4211
4212
4213
4215
4217
4218
4219
4220
4222
4224
4226
4228
4229
4230
4234
4235
4236
4238
4239
4240
4242
4243
4244
4245
4247
4248
4250
4251
4253
4256
4258
4259
4260
4261
4263
4266
4267
4269
4271
4273
4274
4275
4277
4278
4281
4283
4286
4287
4289
4290
4297
4298
4300
4301
4302
4303
4305
4306
4308
4309
4310
4313
4314
4316
4317
4318
4319
4320
4321
4322
4324
4328
4329
4330
4331
4338
4343
4346
4348
4353
4354
4355
4356
4358
4361
4362
4363
4364
4365
4366
4368
4370
4376
4382
4384
4385
4389
4391
4392
4393
4399
4400
4405
4407
4408
4409
4410
4411
4414
4416
4418
4419
4420
4423
4426
4427
4429
4430
4431
4432
4434
4437
4439
4442
4443
4445
4446
4447
4452
4454
4455
4456
4459
4461
4463
4464
4466
4467
4468
4470
4472
4474
4478
4480
4482
4484
4485
4488
4489
4491
4492
4493
4495
4501
4507
4512
4513
4514
4515
4517
4518
4524
4525
4528
4531
4536
4537
4538
4541
4546
4547
4548
4549
4550
4551
4555
4556
4561
4567
4568
4570
4572
4574
4575
4576
4580
4582
4584
4585
4587
4589
4590
4592
4593
4595
4596
4598
4601
4605
4610
4615
4620
4623
4624
4625
4626
4627
4629
4630
4638
4639
4644
4645
4646
4647
4654
4657
4659
4661
4662
4663
4665
4666
4672
4675
4676
4677
4680
4684
4688
4695
4696
4698
4699
4702
4704
4705
4706
4707
4709
4710
4711
4713
4714
4715
4718
4721
4724
4725
4726
4727
4733
4736
4740
4746
4747
4748
4749
4750
4751
4752
4754
4756
4758
4759
4760
4761
4762
4763
4764
4765
4766
4768
4775
4779
4782
4783
4785
4787
4790
4791
4792
4794
4795
4797
4798
4802
4809
4810
4812
4814
4815
4817
4818
4819
4825
4826
4828
4832
4833
4836
4838
4840
4841
4842
4845
4849
4850
4852
4854
4855
4856
4857
4858
4859
4860
4862
4867
4868
4870
4872
4875
4876
4877
4878
4881
4882
4883
4884
4886
4887
4888
4893
4895
4896
4900
4902
4903
4904
4907
4908
4909
4910
4911
4912
4913
4917
4918
4921
4922
4925
4926
4927
4929
4931
4932
4933
4936
4940
4943
4944
4945
4946
4947
4948
4950
4953
4954
4958
4959
4960
4963
4964
4967
4968
4969
4970
4972
4973
4974
4976
4979
4980
4981
4984
4985
4990
4991
4992
4993
4994
4995
4996
4998
5001
5002
5006
5010
5011
5012
5013
5014
5017
5018
5024
5025
5029
5031
5032
5034
5036
5040
5042
5044
5045
5048
5049
5052
5055
5058
5059
5063
5065
5066
5068
5069
5073
5075
5078
5079
5086
5087
5088
5089
5090
5092
5094
5095
5098
5099
5100
5102
5103
5106
5109
5110
5112
5113
5114
5115
5116
5117
5118
5122
5123
5125
5126
5127
5130
5131
5132
5134
5135
5136
5137
5141
5142
5144
5146
5148
5151
5156
5157
5159
5160
5162
5164
5165
5172
5173
5174
5177
5178
5181
5182
5185
5186
5187
5191
5193
5195
5199
5201
5202
5203
5204
5207
5208
5210
5212
5214
5215
5217
5218
5219
5222
5223
5225
5230
5233
5234
5237
5240
5241
5242
5243
5244
5248
5249
5250
5251
5252
5254
5259
5261
5263
5266
5271
5273
5274
5275
5276
5282
5287
5290
5292
5294
5299
5301
5305
5306
5307
5309
5311
5316
5317
5319
5320
5322
5328
5330
5331
5334
5335
5338
5339
5340
5341
5342
5345
5346
5347
5350
5351
5356
5357
5358
5360
5365
5366
5367
5368
5376
5377
5379
5380
5386
5388
5389
5392
5394
5397
5398
5399
5402
5404
5405
5406
5407
5410
5414
5417
5418
5420
5422
5427
5429
5430
5432
5433
5435
5436
5437
5441
5444
5448
5449
5450
5451
5453
5454
5455
5458
5459
5463
5465
5466
5468
5469
5471
5472
5475
5476
5478
5479
5480
5481
5483
5484
5485
5486
5489
5490
5492
5495
5496
5497
5498
5501
5504
5506
5508
5510
5512
5516
5520
5523
5525
5526
5527
5528
5530
5532
5534
5535
5537
5538
5540
5541
5544
5548
5552
5555
5556
5557
5558
5563
5565
5569
5571
5575
5578
5581
5583
5586
5587
5588
5589
5593
5595
5597
5599
5600
5602
5604
5605
5607
5608
5611
5612
5613
5615
5616
5618
5619
5621
5623
5625
5627
5630
5631
5634
5638
5639
5641
5642
5643
5647
5648
5650
5652
5653
5659
5660
5662
5664
5665
5668
5670
5672
5674
5676
5677
5682
5683
5684
5690
5694
5696
5697
5699
5701
5702
5706
5709
5710
5715
5717
5719
5720
5721
5722
5725
5726
5730
5732
5734
5735
5739
5742
5743
5744
5745
5748
5754
5755
5756
5758
5769
5770
5779
5782
5784
5785
5786
5787
5788
5789
5791
5792
5795
5797
5798
5800
5801
5803
5806
5808
5809
5810
5811
5812
5814
5815
5816
5818
5819
5821
5823
5826
5828
5831
5832
5833
5834
5836
5840
5842
5844
5846
5847
5853
5854
5857
5858
5860
5861
5863
5865
5866
5867
5868
5871
5874
5875
5877
5878
5879
5880
5882
5885
5887
5891
5892
5893
5895
5896
5897
5899
5901
5902
5903
5906
5910
5913
5915
5917
5919
5920
5924
5926
5929
5936
5943
5944
5945
5946
5948
5949
5950
5951
5953
5954
5955
5960
5961
5963
5964
5965
5970
5971
5972
5973
5975
5976
5978
5982
5984
5985
5988
5990
5991
5993
5995
5996
5997
5998
5999
6003
6005
6006
6008
6009
6010
6011
6013
6014
6015
6016
6017
6019
6023
6025
6028
6030
6031
6032
6033
6035
6036
6037
6039
6045
6047
6048
6050
6052
6053
6055
6060
6063
6064
6073
6076
6079
6080
6083
6084
6085
6088
6090
6091
6092
6093
6094
6096
6097
6098
6100
6101
6102
6103
6104
6107
6112
6113
6114
6115
6117
6119
6120
6121
6123
6124
6130
6131
6136
6137
6138
6139
6143
6145
6147
6150
6151
6152
6153
6154
6156
6157
6158
6159
6160
6166
6167
6168
6170
6173
6175
6176
6177
6178
6183
6185
6187
6188
6190
6191
6193
6195
6197
6198
6200
6205
6206
6207
6208
6212
6213
6214
6215
6218
6219
6220
6221
6223
6228
6230
6231
6235
6238
6243
6245
6247
6250
6254
6255
6259
6262
6263
6264
6265
6266
6268
6269
6271
6276
6277
6280
6282
6283
6285
6289
6290
6292
6293
6295
6296
6301
6303
6305
6308
6309
6312
6316
6318
6323
6330
6331
6337
6346
6350
6351
6352
6354
6355
6356
6359
6360
6361
6362
6363
6364
6366
6369
6370
6372
6373
6374
6375
6376
6377
6378
6379
6380
6383
6385
6386
6387
6388
6391
6393
6394
6398
6399
6400
6401
6402
6403
6404
6407
6408
6410
6412
6414
6415
6416
6417
6419
6428
6430
6432
6434
6438
6439
6441
6442
6443
6445
6446
6447
6448
6451
6452
6453
6456
6458
6460
6461
6462
6463
6465
6467
6468
6469
6470
6471
6473
6474
6476
6478
6479
6480
6483
6485
6486
6487
6488
6490
6491
6492
6493
6496
6497
6499
6501
6503
6504
6506
6507
6508
6510
6516
6517
6525
6526
6529
6530
6533
6538
6539
6540
6545
6546
6551
6557
6559
6562
6563
6564
6567
6571
6573
6574
6577
6578
6579
6582
6584
6585
6588
6590
6593
6595
6597
6601
6602
6603
6606
6607
6611
6612
6616
6618
6619
6621
6623
6627
6628
6629
6634
6635
6638
6639
6642
6643
6645
6646
6647
6648
6649
6651
6652
6656
6657
6659
6660
6662
6663
6665
6667
6668
6671
6672
6673
6674
6675
6676
6677
6681
6694
6695
6696
6698
6699
6700
6702
6703
6705
6707
6710
6711
6714
6715
6716
6718
6719
6720
6721
6722
6725
6726
6727
6728
6729
6732
6733
6734
6737
6739
6741
6742
6743
6748
6749
6750
6752
6753
6754
6756
6757
6761
6762
6764
6765
6766
6767
6769
6772
6776
6777
6780
6781
6784
6787
6788
6791
6792
6793
6795
6800
6801
6804
6806
6811
6814
6816
6817
6819
6820
6821
6822
6823
6824
6827
6829
6830
6832
6834
6835
6839
6840
6841
6842
6844
6845
6847
6848
6849
6851
6852
6853
6854
6855
6857
6860
6862
6863
6872
6875
6876
6881
6886
6887
6889
6891
6892
6895
6896
6899
6901
6903
6907
6908
6909
6910
6911
6913
6914
6915
6917
6918
6919
6920
6922
6923
6925
6926
6927
6928
6933
6938
6942
6943
6944
6946
6953
6954
6960
6961
6962
6963
6964
6967
6969
6970
6972
6974
6975
6976
6977
6979
6983
6986
6988
6989
6994
6996
6998
7001
7002
7003
7004
7005
7006
7009
7010
7011
7012
7014
7017
7023
7026
7027
7029
7031
7034
7035
7036
7038
7042
7050
7051
7052
7053
7054
7059
7061
7063
7064
7065
7067
7068
7070
7071
7072
7073
7074
7076
7077
7080
7081
7082
7083
7084
7087
7089
7090
7091
7092
7093
7094
7095
7097
7098
7099
7101
7103
7104
7105
7108
7112
7113
7114
7115
7120
7121
7124
7125
7127
7128
7130
7131
7132
7133
7139
7142
7143
7146
7148
7153
7154
7157
7158
7160
7161
7162
7163
7165
7166
7173
7174
7175
7176
7180
7184
7185
7186
7187
7188
7190
7191
7193
7196
7197
7198
7200
7203
7207
7209
7210
7211
7212
7215
7217
7219
7220
7223
7224
7225
7226
7230
7232
7233
7234
7236
7240
7243
7248
7254
7261
7262
7263
7265
7266
7270
7271
7274
7275
7278
7281
7282
7286
7287
7288
7289
7290
7291
7293
7294
7295
7296
7297
7298
7300
7302
7303
7304
7307
7309
7310
7312
7314
7315
7317
7319
7320
7321
7329
7330
7331
7333
7334
7335
7336
7337
7339
7345
7346
7347
7351
7352
7353
7358
7364
7366
7367
7370
7375
7378
7379
7380
7382
7384
7387
7389
7395
7400
7401
7407
7408
7409
7410
7411
7413
7414
7416
7419
7420
7421
7422
7424
7429
7431
7439
7440
7441
7442
7443
7445
7446
7447
7455
7457
7458
7459
7462
7464
7465
7466
7468
7469
7470
7471
7474
7475
7476
7479
7480
7482
7485
7487
7493
7495
7496
7500
7503
7509
7511
7515
7516
7521
7522
7523
7530
7534
7536
7537
7539
7543
7544
7549
7550
7551
7552
7553
7554
7556
7557
7559
7561
7563
7566
7567
7570
7571
7574
7576
7578
7580
7582
7583
7584
7585
7587
7588
7589
7590
7591
7593
7594
7595
7597
7598
7599
7607
7608
7610
7617
7620
7621
7623
7624
7626
7627
7630
7631
7634
7637
7642
7644
7645
7652
7653
7654
7656
7658
7660
7662
7669
7671
7675
7676
7677
7678
7680
7681
7686
7689
7693
7695
7697
7698
7703
7706
7707
7710
7714
7715
7716
7718
7719
7721
7722
7725
7726
7728
7734
7737
7738
7742
7747
7750
7751
7759
7761
7765
7766
7768
7772
7775
7776
7778
7779
7780
7781
7783
7786
7790
7791
7793
7795
7796
7798
7801
7803
7805
7808
7809
7812
7815
7816
7817
7818
7819
7821
7822
7823
7824
7826
7828
7830
7831
7833
7834
7836
7838
7844
7845
7849
7850
7851
7852
7853
7854
7855
7856
7857
7863
7864
7866
7868
7869
7870
7871
7874
7875
7876
7880
7881
7883
7884
7885
7887
7888
7889
7890
7891
7893
7896
7897
7903
7904
7909
7911
7915
7917
7918
7920
7924
7925
7926
7927
7928
7929
7931
7932
7934
7937
7940
7942
7943
7945
7946
7947
7948
7949
7950
7952
7954
7955
7958
7959
7960
7964
7966
7968
7969
7975
7976
7977
7978
7979
7981
7982
7983
7984
7985
7989
7990
7991
7992
7993
7997
7998
8001
8003
8006
8008
8013
8015
8016
8018
8019
8021
8023
8026
8028
8029
8030
8033
8034
8036
8037
8038
8043
8045
8046
8049
8052
8060
8061
8062
8066
8067
8068
8069
8070
8073
8075
8076
8078
8079
8080
8081
8086
8088
8089
8091
8093
8096
8097
8100
8101
8103
8105
8107
8111
8112
8114
8118
8120
8122
8123
8124
8127
8131
8132
8134
8135
8136
8137
8139
8142
8143
8144
8145
8147
8152
8154
8155
8156
8157
8160
8162
8166
8168
8169
8173
8175
8178
8180
8182
8183
8185
8186
8188
8191
8192
8194
8195
8197
8202
8204
8208
8209
8210
8212
8215
8216
8217
8218
8222
8223
8227
8228
8230
8231
8232
8233
8234
8235
8240
8241
8243
8244
8245
8247
8250
8251
8252
8255
8256
8260
8262
8263
8264
8265
8267
8271
8272
8274
8275
8276
8281
8287
8290
8291
8292
8293
8294
8295
8296
8298
8299
8300
8302
8303
8304
8305
8309
8310
8315
8319
8321
8322
8324
8326
8328
8330
8333
8338
8339
8340
8341
8342
8343
8349
8351
8352
8353
8359
8360
8361
8364
8365
8366
8367
8368
8370
8371
8373
8374
8376
8377
8378
8380
8383
8386
8387
8388
8389
8393
8396
8397
8398
8400
8402
8403
8404
8405
8406
8407
8409
8411
8412
8413
8415
8416
8417
8418
8419
8420
8421
8425
8426
8427
8430
8432
8436
8438
8439
8440
8442
8443
8446
8447
8450
8453
8456
8458
8460
8463
8465
8467
8468
8470
8471
8472
8475
8477
8478
8482
8484
8485
8487
8488
8489
8492
8493
8496
8498
8499
8500
8501
8503
8506
8508
8509
8511
8520
8521
8524
8525
8526
8528
8529
8534
8541
8542
8544
8545
8547
8549
8550
8551
8552
8555
8558
8559
8563
8564
8567
8571
8572
8574
8576
8578
8580
8582
8583
8586
8588
8589
8590
8591
8594
8596
8598
8599
8603
8604
8605
8606
8607
8610
8611
8614
8615
8616
8624
8627
8628
8629
8632
8636
8637
8638
8640
8642
8643
8644
8646
8647
8648
8649
8651
8652
8653
8656
8657
8659
8660
8662
8663
8665
8667
8668
8670
8671
8673
8680
8681
8683
8686
8688
8693
8695
8696
8699
8700
8706
8707
8708
8711
8713
8714
8715
8717
8719
8721
8722
8723
8730
8734
8735
8737
8738
8739
8743
8746
8756
8757
8758
8761
8762
8763
8767
8771
8772
8775
8776
8777
8778
8783
8784
8788
8789
8790
8792
8795
8796
8799
8803
8809
8810
8812
8813
8814
8815
8819
8820
8822
8823
8825
8826
8828
8829
8831
8833
8836
8838
8839
8841
8842
8843
8844
8845
8848
8851
8852
8854
8858
8867
8868
8871
8872
8875
8879
8881
8884
8885
8886
8891
8894
8895
8896
8897
8898
8902
8905
8914
8916
8917
8918
8919
8920
8923
8926
8929
8931
8932
8933
8934
8942
8945
8949
8952
8957
8958
8960
8962
8963
8964
8965
8966
8967
8969
8972
8973
8975
8978
8979
8981
8982
8985
8987
8988
8990
8991
8992
8994
8999
9000
9001
9002
9003
9004
9005
9009
9010
9011
9014
9020
9021
9023
9025
9026
9030
9032
9035
9036
9039
9040
9041
9046
9051
9053
9056
9058
9067
9069
9076
9077
9080
9084
9085
9088
9090
9091
9094
9099
9102
9104
9108
9110
9112
9113
9115
9116
9118
9120
9121
9122
9126
9127
9128
9129
9131
9133
9134
9135
9136
9137
9140
9142
9145
9146
9147
9148
9149
9150
9152
9153
9158
9160
9161
9164
9166
9167
9169
9170
9171
9174
9175
9176
9178
9179
9182
9191
9194
9198
9202
9203
9205
9206
9207
9208
9209
9210
9212
9213
9214
9215
9219
9220
9223
9229
9230
9231
9233
9234
9235
9236
9237
9239
9243
9244
9245
9247
9248
9251
9257
9258
9259
9264
9265
9266
9269
9270
9271
9273
9274
9276
9277
9281
9282
9284
9289
9290
9291
9296
9300
9301
9302
9305
9307
9308
9311
9312
9313
9314
9316
9317
9318
9319
9326
9327
9328
9329
9330
9332
9336
9337
9338
9341
9342
9344
9345
9349
9350
9352
9353
9354
9356
9357
9358
9360
9361
9362
9363
9365
9366
9367
9368
9371
9373
9374
9376
9377
9382
9383
9387
9389
9390
9391
9392
9394
9395
9396
9400
9403
9406
9408
9410
9412
9414
9415
9418
9419
9421
9422
9423
9424
9425
9426
9427
9429
9430
9432
9434
9435
9436
9437
9438
9439
9443
9444
9445
9447
9450
9451
9452
9453
9454
9455
9457
9460
9463
9464
9465
9466
9467
9468
9470
9471
9472
9474
9475
9478
9481
9483
9486
9490
9492
9495
9500
9504
9507
9509
9511
9513
9515
9518
9520
9521
9522
9528
9529
9531
9532
9533
9537
9539
9541
9542
9545
9548
9550
9551
9552
9554
9555
9557
9558
9561
9564
9565
9568
9569
9570
9572
9573
9574
9575
9576
9579
9580
9584
9587
9588
9590
9591
9592
9593
9594
9596
9599
9601
9607
9610
9612
9613
9615
9616
9621
9623
9624
9627
9628
9629
9631
9632
9633
9635
9642
9643
9646
9647
9650
9651
9653
9656
9657
9658
9659
9660
9661
9664
9665
9667
9668
9669
9671
9672
9675
9676
9679
9681
9682
9683
9684
9685
9686
9687
9689
9691
9693
9695
9696
9697
9701
9702
9703
9704
9705
9707
9708
9709
9710
9711
9714
9715
9716
9718
9720
9721
9722
9723
9727
9730
9732
9733
9735
9736
9737
9739
9743
9750
9760
9761
9762
9765
9766
9767
9768
9772
9773
9775
9776
9777
9779
9781
9783
9784
9786
9790
9793
9796
9798
9799
9800
9803
9804
9805
9808
9809
9812
9816
9818
9821
9825
9826
9830
9831
9832
9833
9835
9838
9842
9845
9849
9850
9852
9858
9860
9862
9868
9871
9873
9875
9876
9877
9878
9880
9881
9882
9883
9886
9887
9888
9889
9890
9892
9893
9894
9897
9899
9901
9902
9903
9905
9906
9908
9909
9911
9912
9914
9915
9916
9917
9918
9919
9920
9921
9922
9923
9925
9928
9930
9931
9932
9933
9934
9938
9940
9942
9943
9944
9945
9946
9949
9950
9952
9955
9956
9958
9959
9961
9962
9963
9964
9965
9968
9969
9971
9974
9975
9976
9978
9979
9980
9982
9984
9985
9987
9988
9992
9993
9998
