1
2
4
7
10
11
13
15
21
23
24
29
32
34
40
43
46
48
50
51
54
55
56
59
60
61
63
64
68
70
72
75
77
79
80
81
82
83
85
88
90
99
101
102
108
110
116
121
133
135
136
140
141
142
149
153
156
162
164
172
174
176
180
182
186
187
189
191
192
197
198
200
201
204
206
207
208
210
212
215
216
217
220
224
227
229
233
236
237
243
244
247
249
252
255
256
257
259
260
262
263
268
270
272
273
276
280
282
283
286
287
289
290
293
297
298
299
304
307
309
310
311
312
313
314
315
319
320
321
322
324
325
326
327
328
331
332
338
343
348
349
353
357
359
362
364
365
368
373
374
377
379
382
385
387
388
389
393
395
399
404
405
406
407
409
414
416
423
425
428
429
430
432
433
435
439
441
442
444
451
452
453
458
460
463
464
465
467
470
477
480
484
485
486
488
494
496
498
499
501
504
505
506
513
514
516
518
519
526
527
531
532
534
537
540
541
544
546
549
550
557
559
560
566
569
571
579
580
581
582
585
589
592
595
598
599
601
602
608
613
614
616
617
626
627
628
636
637
644
647
648
654
656
657
658
660
661
666
667
669
672
676
682
685
686
688
690
697
698
700
705
707
708
711
712
713
715
717
718
719
720
721
723
727
728
729
730
731
733
734
737
738
740
742
745
750
753
754
755
761
766
768
770
773
776
779
783
788
792
794
806
809
810
813
815
816
817
820
821
825
828
829
831
834
835
838
843
844
848
850
853
854
856
864
865
866
867
870
874
875
876
879
883
884
889
890
891
894
896
900
901
904
905
908
919
921
923
924
925
926
928
929
930
936
939
946
947
948
949
951
956
958
959
963
965
966
969
970
971
973
974
980
990
991
996
998
999
1001
1005
1010
1014
1015
1017
1022
1024
1025
1038
1040
1045
1052
1055
1064
1065
1066
1067
1068
1071
1072
1075
1076
1077
1078
1081
1082
1083
1084
1085
1086
1089
1090
1094
1095
1102
1106
1107
1110
1113
1115
1117
1118
1123
1129
1131
1132
1134
1137
1140
1145
1146
1148
1149
1151
1154
1155
1156
1158
1161
1162
1163
1164
1165
1166
1167
1172
1176
1177
1178
1180
1183
1186
1189
1190
1192
1196
1198
1203
1205
1207
1214
1216
1220
1227
1229
1234
1235
1236
1237
1241
1249
1252
1260
1261
1263
1267
1269
1272
1275
1279
1282
1283
1284
1288
1290
1296
1301
1302
1303
1304
1307
1308
1315
1317
1318
1325
1328
1331
1332
1334
1338
1342
1344
1346
1347
1349
1351
1352
1353
1356
1358
1365
1366
1367
1370
1373
1374
1377
1379
1381
1382
1385
1386
1390
1393
1394
1397
1398
1403
1407
1414
1419
1420
1421
1431
1432
1435
1438
1443
1445
1446
1450
1452
1453
1454
1455
1457
1461
1463
1464
1465
1467
1468
1471
1473
1475
1476
1478
1481
1482
1484
1485
1489
1490
1491
1492
1494
1499
1505
1509
1512
1513
1516
1518
1521
1522
1524
1525
1528
1533
1534
1537
1540
1545
1555
1564
1565
1567
1572
1573
1575
1578
1582
1583
1587
1588
1590
1595
1599
1603
1605
1606
1607
1608
1610
1611
1612
1613
1614
1616
1620
1622
1624
1628
1629
1630
1631
1637
1645
1646
1647
1648
1654
1656
1657
1666
1670
1672
1676
1677
1680
1682
1684
1685
1686
1687
1689
1690
1691
1692
1697
1698
1701
1704
1707
1708
1716
1718
1721
1724
1727
1728
1729
1731
1734
1737
1739
1741
1742
1743
1745
1746
1748
1749
1750
1751
1755
1758
1767
1768
1772
1773
1776
1779
1785
1786
1788
1790
1794
1798
1803
1804
1805
1810
1815
1820
1823
1827
1830
1831
1833
1834
1835
1836
1840
1842
1844
1846
1848
1851
1853
1854
1858
1860
1861
1862
1863
1866
1867
1870
1871
1874
1876
1877
1883
1887
1888
1891
1892
1893
1900
1906
1912
1913
1914
1915
1918
1919
1925
1926
1928
1930
1932
1933
1934
1935
1936
1938
1940
1942
1946
1949
1955
1958
1960
1962
1964
1965
1966
1971
1973
1976
1978
1982
1986
1987
1990
1991
1993
1997
1999
2006
2007
2009
2011
2012
2013
2014
2016
2017
2019
2022
2026
2027
2034
2035
2036
2038
2040
2046
2047
2049
2050
2051
2052
2056
2058
2062
2063
2066
2075
2077
2078
2084
2088
2091
2092
2097
2101
2103
2104
2110
2111
2112
2119
2120
2125
2126
2128
2132
2135
2137
2138
2141
2143
2144
2145
2146
2149
2150
2152
2158
2160
2161
2172
2173
2174
2176
2178
2182
2183
2185
2188
2195
2196
2197
2199
2202
2205
2206
2208
2213
2219
2231
2232
2234
2236
2238
2239
2242
2244
2245
2251
2252
2254
2256
2259
2263
2264
2268
2269
2272
2273
2274
2275
2280
2281
2283
2285
2287
2289
2290
2291
2292
2295
2297
2301
2307
2312
2318
2320
2321
2324
2325
2329
2332
2333
2335
2337
2339
2340
2345
2346
2349
2358
2361
2363
2365
2370
2371
2372
2376
2379
2381
2382
2384
2385
2395
2401
2403
2405
2406
2413
2417
2427
2432
2438
2439
2440
2448
2449
2450
2452
2464
2465
2471
2472
2474
2479
2480
2483
2486
2491
2496
2497
2499
2505
2508
2510
2515
2516
2519
2520
2521
2522
2524
2526
2529
2532
2534
2536
2538
2540
2544
2545
2547
2549
2552
2555
2556
2558
2559
2562
2563
2565
2567
2568
2569
2571
2573
2575
2576
2584
2585
2586
2588
2593
2594
2599
2601
2602
2604
2610
2611
2619
2621
2624
2626
2627
2628
2640
2642
2644
2655
2657
2662
2664
2665
2666
2667
2670
2671
2673
2674
2676
2679
2680
2683
2685
2686
2694
2698
2700
2702
2709
2711
2713
2716
2718
2720
2722
2724
2725
2730
2731
2733
2735
2737
2738
2742
2746
2747
2750
2753
2754
2759
2760
2761
2762
2763
2765
2768
2771
2772
2779
2783
2784
2787
2788
2790
2791
2792
2795
2797
2799
2801
2803
2807
2808
2809
2811
2814
2817
2818
2823
2830
2832
2834
2836
2838
2843
2845
2846
2849
2851
2854
2857
2858
2859
2862
2864
2870
2871
2872
2882
2884
2885
2887
2888
2889
2890
2892
2903
2905
2908
2910
2911
2912
2918
2919
2921
2922
2923
2938
2939
2940
2945
2949
2952
2956
2961
2964
2965
2967
2968
2969
2971
2973
2975
2976
2977
2981
2984
2986
2987
2990
2991
2995
2998
3000
3009
3012
3017
3018
3019
3026
3027
3028
3029
3030
3032
3034
3035
3037
3039
3041
3042
3045
3046
3047
3051
3053
3057
3060
3067
3073
3074
3076
3077
3078
3081
3084
3089
3095
3096
3097
3098
3103
3104
3110
3111
3112
3113
3116
3121
3122
3127
3130
3131
3132
3133
3136
3141
3146
3147
3149
3150
3154
3159
3169
3173
3174
3176
3177
3178
3179
3182
3184
3187
3189
3194
3199
3203
3206
3210
3211
3213
3218
3221
3224
3233
3235
3239
3240
3244
3245
3246
3247
3251
3256
3258
3261
3262
3265
3267
3269
3270
3276
3277
3279
3283
3284
3285
3287
3288
3289
3291
3295
3300
3302
3304
3305
3306
3310
3316
3323
3330
3331
3336
3339
3342
3343
3344
3346
3349
3356
3358
3359
3363
3368
3375
3376
3377
3378
3379
3380
3382
3387
3388
3390
3393
3394
3397
3398
3401
3402
3406
3407
3409
3413
3414
3417
3419
3421
3422
3424
3430
3431
3433
3435
3437
3439
3440
3442
3443
3445
3446
3448
3451
3452
3453
3456
3463
3464
3468
3469
3472
3473
3478
3482
3484
3485
3487
3488
3489
3492
3500
3505
3510
3512
3515
3518
3519
3520
3521
3526
3527
3529
3531
3532
3535
3537
3539
3542
3544
3546
3547
3551
3553
3556
3557
3562
3566
3572
3573
3577
3580
3585
3586
3588
3590
3591
3596
3597
3599
3601
3602
3603
3605
3607
3609
3612
3614
3616
3617
3618
3622
3624
3631
3634
3635
3638
3640
3641
3645
3646
3647
3648
3649
3653
3654
3658
3660
3661
3664
3665
3673
3677
3683
3687
3692
3701
3704
3707
3708
3709
3723
3726
3727
3728
3738
3739
3743
3747
3748
3749
3759
3760
3761
3762
3767
3768
3771
3773
3776
3778
3780
3785
3786
3787
3790
3796
3797
3798
3799
3800
3804
3809
3810
3816
3817
3820
3821
3824
3826
3828
3830
3832
3833
3834
3841
3843
3851
3852
3859
3862
3864
3869
3870
3873
3876
3879
3880
3882
3884
3885
3886
3888
3889
3890
3892
3893
3894
3895
3896
3899
3900
3908
3909
3912
3913
3914
3920
3921
3922
3924
3926
3928
3929
3935
3940
3952
3954
3956
3960
3961
3963
3965
3969
3970
3973
3976
3978
3981
3983
3984
3987
3998
4002
4004
4008
4010
4023
4026
4027
4032
4033
4035
4036
4038
4041
4042
4044
4046
4050
4051
4055
4056
4058
4060
4062
4064
4065
4066
4067
4068
4069
4070
4071
4075
4076
4077
4080
4085
4086
4088
4092
4093
4100
4101
4103
4106
4108
4109
4110
4111
4113
4114
4115
4116
4118
4119
4125
4129
4134
4145
4146
4149
4151
4152
4155
4163
4166
4167
4168
4169
4173
4176
4177
4178
4179
4184
4186
4187
4188
4194
4195
4196
4201
4205
4207
4210
4211
4214
4217
4218
4222
4225
4227
4229
4232
4234
4236
4238
4244
4245
4248
4252
4255
4256
4259
4264
4269
4273
4275
4277
4279
4283
4288
4297
4298
4307
4315
4317
4319
4320
4321
4322
4323
4327
4328
4334
4337
4338
4339
4340
4342
4347
4352
4354
4357
4367
4368
4385
4386
4389
4390
4391
4393
4399
4402
4405
4407
4410
4415
4420
4421
4423
4425
4429
4430
4434
4437
4439
4441
4446
4447
4448
4449
4450
4454
4455
4456
4457
4459
4460
4462
4464
4470
4473
4475
4486
4489
4492
4494
4496
4500
4501
4502
4503
4509
4511
4513
4515
4519
4520
4523
4526
4527
4528
4529
4534
4539
4541
4543
4545
4546
4547
4548
4549
4551
4553
4554
4559
4564
4570
4571
4572
4574
4576
4577
4578
4584
4586
4589
4592
4593
4594
4596
4601
4603
4604
4611
4622
4623
4630
4631
4633
4635
4636
4637
4640
4641
4644
4646
4650
4651
4652
4653
4654
4655
4658
4663
4665
4667
4669
4670
4672
4673
4676
4677
4678
4679
4680
4681
4684
4687
4688
4691
4692
4693
4695
4701
4704
4705
4706
4707
4710
4716
4720
4722
4723
4729
4735
4736
4738
4740
4742
4743
4750
4752
4756
4759
4762
4763
4765
4766
4767
4768
4769
4771
4772
4773
4774
4776
4777
4781
4787
4789
4792
4793
4794
4796
4797
4799
4806
4809
4810
4812
4815
4816
4820
4824
4825
4831
4832
4833
4834
4836
4841
4842
4843
4844
4852
4853
4854
4855
4858
4863
4866
4868
4872
4875
4877
4878
4880
4881
4882
4883
4886
4889
4890
4893
4895
4897
4898
4899
4902
4903
4907
4908
4913
4914
4917
4918
4919
4921
4922
4925
4926
4930
4931
4933
4934
4936
4942
4943
4945
4946
4948
4949
4953
4956
4957
4958
4959
4966
4968
4970
4974
4978
4980
4981
4982
4983
4984
4985
4995
4997
4998
5001
5003
5004
5011
5014
5023
5030
5035
5036
5038
5039
5044
5046
5053
5058
5065
5066
5067
5069
5074
5077
5079
5081
5085
5088
5090
5091
5094
5095
5096
5106
5107
5108
5110
5111
5113
5118
5120
5125
5129
5131
5132
5134
5135
5137
5138
5144
5146
5147
5149
5151
5153
5156
5158
5159
5161
5164
5172
5180
5183
5184
5185
5186
5193
5194
5195
5196
5197
5199
5207
5208
5211
5212
5216
5217
5218
5219
5223
5226
5228
5238
5243
5245
5246
5248
5249
5252
5256
5258
5261
5267
5273
5278
5282
5283
5286
5288
5290
5294
5295
5299
5303
5305
5314
5315
5316
5322
5325
5328
5330
5336
5337
5338
5340
5343
5344
5347
5349
5350
5355
5361
5362
5364
5365
5366
5367
5371
5373
5376
5378
5379
5383
5385
5386
5388
5389
5391
5394
5399
5406
5408
5409
5410
5411
5412
5413
5417
5424
5425
5428
5429
5430
5431
5432
5433
5434
5437
5442
5443
5448
5450
5452
5453
5454
5455
5457
5460
5462
5465
5466
5467
5473
5476
5478
5484
5486
5488
5489
5494
5495
5499
5501
5502
5505
5507
5513
5515
5518
5519
5526
5527
5530
5534
5537
5540
5542
5547
5548
5551
5552
5554
5555
5558
5562
5565
5570
5572
5573
5574
5575
5576
5583
5587
5588
5589
5593
5595
5596
5597
5599
5601
5602
5603
5604
5607
5608
5611
5612
5613
5618
5619
5622
5623
5627
5628
5629
5630
5631
5634
5637
5639
5642
5644
5646
5648
5649
5650
5652
5654
5675
5676
5677
5678
5679
5682
5684
5687
5690
5691
5692
5693
5694
5695
5696
5699
5700
5702
5704
5705
5707
5711
5713
5714
5718
5720
5722
5725
5726
5727
5731
5732
5734
5735
5736
5741
5743
5745
5751
5753
5757
5758
5761
5772
5773
5775
5778
5779
5788
5791
5792
5799
5806
5807
5815
5827
5829
5832
5833
5835
5838
5841
5843
5848
5849
5851
5855
5857
5858
5859
5861
5864
5867
5868
5871
5872
5874
5875
5878
5880
5882
5883
5888
5889
5893
5895
5896
5898
5899
5905
5906
5907
5909
5911
5913
5917
5919
5921
5925
5926
5927
5928
5933
5937
5939
5943
5946
5951
5952
5954
5955
5960
5961
5962
5963
5967
5968
5970
5974
5976
5977
5978
5984
5985
5994
5998
5999
6000
6004
6005
6006
6008
6013
6015
6017
6021
6028
6030
6031
6037
6040
6041
6043
6047
6048
6052
6054
6057
6062
6065
6066
6070
6076
6077
6080
6083
6085
6089
6091
6099
6104
6115
6116
6117
6118
6119
6121
6124
6126
6127
6128
6139
6142
6145
6146
6147
6151
6152
6156
6158
6162
6163
6164
6165
6166
6167
6168
6171
6176
6177
6178
6180
6182
6185
6187
6189
6190
6193
6194
6195
6196
6202
6206
6209
6211
6212
6213
6214
6215
6221
6223
6225
6226
6227
6228
6231
6234
6235
6238
6239
6240
6243
6246
6247
6250
6252
6253
6257
6258
6259
6260
6261
6262
6265
6269
6270
6271
6272
6273
6274
6278
6283
6285
6289
6290
6292
6294
6296
6297
6301
6303
6305
6306
6307
6311
6312
6313
6315
6318
6321
6323
6324
6328
6332
6335
6336
6337
6340
6341
6344
6347
6348
6352
6355
6366
6367
6368
6369
6378
6379
6380
6381
6383
6385
6386
6394
6398
6402
6412
6413
6414
6416
6417
6418
6419
6420
6421
6425
6427
6435
6442
6444
6448
6450
6452
6467
6471
6473
6475
6476
6477
6480
6481
6483
6484
6489
6491
6495
6499
6500
6501
6502
6504
6508
6510
6513
6514
6520
6523
6526
6529
6530
6531
6534
6536
6541
6547
6548
6549
6551
6552
6556
6557
6558
6561
6563
6569
6570
6577
6578
6579
6580
6588
