0
1
2
3
4
5
6
7
9
10
11
13
15
16
17
20
21
22
23
24
26
27
29
30
31
32
34
36
37
40
42
43
44
46
48
50
51
53
54
55
56
57
59
60
61
63
64
66
68
70
72
75
76
77
79
80
81
82
83
84
85
87
88
90
96
99
100
101
102
104
108
109
110
112
113
114
115
116
120
121
123
124
126
127
128
129
131
133
134
135
136
140
141
142
144
145
146
147
149
151
153
155
156
160
162
163
164
165
166
167
171
172
173
174
175
176
177
179
180
182
184
186
187
188
189
191
192
195
197
198
199
200
201
204
206
207
208
210
212
213
214
215
216
217
219
220
221
224
225
226
227
228
229
231
232
233
234
235
236
237
241
243
244
246
247
249
251
252
254
255
256
257
258
259
260
262
263
265
268
269
270
272
273
274
275
276
278
280
282
283
284
286
287
289
290
291
293
294
295
296
297
298
299
300
304
306
307
308
309
310
311
312
313
314
315
316
317
319
320
321
322
323
324
325
326
327
328
330
331
332
333
334
336
337
338
343
345
348
349
350
351
353
354
356
357
358
359
361
362
363
364
365
367
368
369
370
372
373
374
376
377
378
379
381
382
383
385
387
388
389
390
393
395
396
397
399
400
403
404
405
406
407
408
409
410
411
414
416
417
418
419
420
421
423
425
427
428
429
430
431
432
433
435
439
441
442
444
446
447
450
451
452
453
454
457
458
459
460
463
464
465
467
469
470
471
472
474
477
478
480
483
484
485
486
487
488
489
490
493
494
495
496
498
499
501
502
503
504
505
506
507
510
513
514
515
516
517
518
519
522
523
526
527
528
529
530
531
532
533
534
537
538
539
540
541
543
544
546
547
549
550
556
557
558
559
560
561
562
566
568
569
570
571
572
575
576
579
580
581
582
585
586
588
589
590
592
594
595
596
597
598
599
600
601
602
603
605
606
607
608
609
612
613
614
616
617
618
619
620
623
625
626
627
628
629
634
635
636
637
638
639
640
644
646
647
648
649
652
654
655
656
657
658
660
661
662
663
666
667
669
671
672
676
677
682
683
685
686
687
688
689
690
694
695
696
697
698
699
700
705
706
707
708
710
711
712
713
714
715
716
717
718
719
720
721
723
725
727
728
729
730
731
733
734
737
738
740
742
743
744
745
747
748
749
750
752
753
754
755
757
760
761
762
763
765
766
768
770
771
773
776
777
778
779
781
782
783
784
788
789
790
791
792
793
794
795
797
798
799
802
806
807
808
809
810
811
812
813
814
815
816
817
818
819
820
821
825
826
827
828
829
831
833
834
835
836
838
843
844
848
850
853
854
856
864
865
866
867
870
874
875
876
879
883
884
889
890
891
894
896
900
901
903
904
905
908
909
919
921
922
923
924
925
926
928
929
930
931
934
936
939
944
946
947
948
949
951
953
956
958
959
963
964
965
966
969
970
971
973
974
978
980
981
982
985
990
991
996
998
999
1001
1002
1005
1010
1014
1015
1017
1019
1022
1023
1024
1025
1026
1031
1037
1038
1040
1043
1045
1052
1055
1059
1064
1065
1066
1067
1068
1071
1072
1075
1076
1077
1078
1081
1082
1083
1084
1085
1086
1087
1089
1090
1094
1095
1102
1106
1107
1110
1113
1115
1116
1117
1118
1120
1121
1123
1124
1126
1129
1131
1132
1134
1135
1137
1140
1143
1145
1146
1148
1149
1151
1152
1154
1155
1156
1158
1159
1161
1162
1163
1164
1165
1166
1167
1172
1176
1177
1178
1180
1182
1183
1185
1186
1187
1189
1190
1192
1195
1196
1198
1200
1203
1205
1207
1212
1213
1214
1216
1217
1218
1219
1220
1227
1229
1233
1234
1235
1236
1237
1241
1246
1249
1252
1254
1260
1261
1263
1265
1267
1269
1270
1272
1273
1275
1279
1281
1282
1283
1284
1285
1286
1288
1290
1291
1295
1296
1297
1300
1301
1302
1303
1304
1307
1308
1315
1317
1318
1325
1327
1328
1331
1332
1333
1334
1335
1338
1342
1344
1346
1347
1348
1349
1350
1351
1352
1353
1354
1356
1358
1364
1365
1366
1367
1370
1373
1374
1375
1377
1379
1381
1382
1385
1386
1387
1388
1390
1391
1393
1394
1397
1398
1402
1403
1405
1406
1407
1412
1414
1416
1417
1419
1420
1421
1426
1429
1430
1431
1432
1435
1436
1437
1438
1443
1445
1446
1450
1451
1452
1453
1454
1455
1457
1461
1463
1464
1465
1467
1468
1471
1473
1475
1476
1478
1480
1481
1482
1484
1485
1489
1490
1491
1492
1494
1499
1501
1505
1509
1512
1513
1515
1516
1518
1521
1522
1523
1524
1525
1528
1530
1533
1534
1537
1540
1545
1555
1560
1564
1565
1567
1569
1570
1572
1573
1574
1575
1576
1578
1580
1582
1583
1586
1587
1588
1590
1593
1595
1599
1603
1605
1606
1607
1608
1610
1611
1612
1613
1614
1615
1616
1617
1620
1622
1624
1628
1629
1630
1631
1633
1635
1636
1637
1643
1644
1645
1646
1647
1648
1653
1654
1656
1657
1660
1662
1666
1667
1670
1672
1676
1677
1680
1682
1684
1685
1686
1687
1689
1690
1691
1692
1693
1696
1697
1698
1701
1702
1704
1707
1708
1709
1711
1713
1716
1718
1720
1721
1723
1724
1727
1728
1729
1730
1731
1734
1737
1739
1741
1742
1743
1745
1746
1748
1749
1750
1751
1755
1758
1762
1767
1768
1772
1773
1776
1779
1785
1786
1788
1790
1791
1794
1798
1799
1801
1802
1803
1804
1805
1807
1810
1811
1813
1815
1816
1820
1821
1823
1827
1829
1830
1831
1833
1834
1835
1836
1839
1840
1841
1842
1844
1846
1848
1851
1853
1854
1858
1860
1861
1862
1863
1866
1867
1870
1871
1874
1876
1877
1878
1881
1883
1887
1888
1891
1892
1893
1894
1896
1900
1901
1906
1910
1911
1912
1913
1914
1915
1916
1918
1919
1925
1926
1928
1930
1932
1933
1934
1935
1936
1938
1940
1942
1946
1949
1952
1955
1958
1960
1962
1964
1965
1966
1971
1973
1975
1976
1978
1982
1984
1985
1986
1987
1990
1991
1993
1997
1998
1999
2000
2006
2007
2009
2011
2012
2013
2014
2016
2017
2019
2022
2026
2027
2034
2035
2036
2038
2040
2041
2046
2047
2049
2050
2051
2052
2056
2058
2059
2062
2063
2064
2065
2066
2075
2077
2078
2084
2086
2088
2091
2092
2097
2101
2102
2103
2104
2110
2111
2112
2119
2120
2123
2125
2126
2128
2132
2134
2135
2137
2138
2141
2143
2144
2145
2146
2149
2150
2152
2156
2158
2160
2161
2164
2166
2172
2173
2174
2176
2178
2180
2182
2183
2185
2186
2188
2195
2196
2197
2199
2200
2202
2205
2206
2208
2209
2213
2219
2225
2226
2230
2231
2232
2234
2236
2238
2239
2242
2244
2245
2246
2251
2252
2253
2254
2256
2258
2259
2263
2264
2268
2269
2272
2273
2274
2275
2280
2281
2283
2285
2287
2288
2289
2290
2291
2292
2293
2295
2296
2297
2298
2299
2301
2303
2307
2308
2311
2312
2318
2320
2321
2322
2323
2324
2325
2329
2332
2333
2335
2337
2338
2339
2340
2341
2342
2344
2345
2346
2349
2357
2358
2359
2360
2361
2363
2365
2368
2370
2371
2372
2376
2379
2381
2382
2383
2384
2385
2389
2391
2392
2395
2399
2401
2402
2403
2405
2406
2408
2410
2413
2417
2418
2419
2423
2427
2432
2433
2438
2439
2440
2444
2446
2448
2449
2450
2452
2455
2462
2464
2465
2468
2469
2471
2472
2474
2478
2479
2480
2483
2486
2491
2493
2494
2495
2496
2497
2499
2505
2508
2510
2515
2516
2518
2519
2520
2521
2522
2524
2526
2529
2530
2532
2534
2536
2538
2539
2540
2544
2545
2547
2549
2551
2552
2553
2555
2556
2558
2559
2562
2563
2565
2566
2567
2568
2569
2571
2572
2573
2575
2576
2584
2585
2586
2588
2593
2594
2599
2601
2602
2604
2606
2607
2610
2611
2613
2618
2619
2620
2621
2622
2623
2624
2626
2627
2628
2640
2642
2644
2645
2649
2655
2657
2660
2662
2663
2664
2665
2666
2667
2670
2671
2673
2674
2676
2679
2680
2683
2684
2685
2686
2694
2698
2700
2702
2703
2706
2708
2709
2710
2711
2713
2716
2717
2718
2720
2721
2722
2724
2725
2730
2731
2733
2735
2736
2737
2738
2742
2746
2747
2750
2752
2753
2754
2759
2760
2761
2762
2763
2765
2768
2771
2772
2773
2779
2780
2783
2784
2785
2786
2787
2788
2790
2791
2792
2795
2797
2799
2801
2803
2805
2807
2808
2809
2811
2814
2817
2818
2820
2822
2823
2830
2832
2834
2836
2838
2843
2845
2846
2847
2849
2851
2854
2857
2858
2859
2862
2863
2864
2865
2866
2870
2871
2872
2876
2882
2884
2885
2887
2888
2889
2890
2892
2899
2902
2903
2905
2908
2910
2911
2912
2918
2919
2921
2922
2923
2924
2927
2928
2934
2938
2939
2940
2945
2949
2952
2956
2960
2961
2964
2965
2967
2968
2969
2971
2973
2974
2975
2976
2977
2978
2981
2984
2986
2987
2990
2991
2995
2998
3000
3004
3009
3012
3017
3018
3019
3026
3027
3028
3029
3030
3032
3034
3035
3037
3039
3040
3041
3042
3045
3046
3047
3049
3051
3053
3057
3060
3067
3073
3074
3076
3077
3078
3079
3081
3084
3088
3089
3090
3092
3094
3095
3096
3097
3098
3103
3104
3106
3110
3111
3112
3113
3116
3121
3122
3125
3127
3129
3130
3131
3132
3133
3134
3135
3136
3140
3141
3142
3144
3146
3147
3148
3149
3150
3153
3154
3156
3157
3158
3159
3169
3173
3174
3176
3177
3178
3179
3182
3184
3187
3189
3190
3191
3194
3197
3199
3203
3206
3207
3210
3211
3213
3216
3218
3221
3223
3224
3233
3234
3235
3239
3240
3244
3245
3246
3247
3251
3253
3256
3258
3260
3261
3262
3263
3264
3265
3267
3269
3270
3274
3276
3277
3279
3283
3284
3285
3287
3288
3289
3291
3293
3295
3296
3300
3301
3302
3304
3305
3306
3310
3316
3318
3323
3330
3331
3332
3336
3337
3339
3342
3343
3344
3346
3349
3356
3358
3359
3363
3368
3369
3372
3375
3376
3377
3378
3379
3380
3382
3383
3387
3388
3390
3391
3393
3394
3397
3398
3399
3400
3401
3402
3406
3407
3409
3413
3414
3417
3419
3421
3422
3424
3430
3431
3433
3435
3437
3439
3440
3441
3442
3443
3445
3446
3448
3451
3452
3453
3456
3463
3464
3468
3469
3472
3473
3478
3480
3482
3484
3485
3487
3488
3489
3491
3492
3500
3501
3504
3505
3509
3510
3512
3515
3517
3518
3519
3520
3521
3526
3527
3529
3531
3532
3535
3537
3539
3542
3543
3544
3546
3547
3551
3553
3554
3556
3557
3559
3562
3566
3568
3572
3573
3577
3578
3580
3581
3584
3585
3586
3588
3590
3591
3596
3597
3599
3601
3602
3603
3605
3607
3609
3612
3614
3616
3617
3618
3622
3624
3631
3634
3635
3638
3640
3641
3645
3646
3647
3648
3649
3651
3653
3654
3658
3659
3660
3661
3664
3665
3667
3671
3673
3674
3677
3683
3684
3686
3687
3692
3695
3696
3701
3702
3704
3705
3706
3707
3708
3709
3710
3723
3725
3726
3727
3728
3738
3739
3743
3747
3748
3749
3754
3757
3759
3760
3761
3762
3767
3768
3771
3773
3776
3777
3778
3780
3784
3785
3786
3787
3790
3791
3792
3794
3796
3797
3798
3799
3800
3804
3809
3810
3812
3816
3817
3818
3820
3821
3824
3826
3828
3830
3832
3833
3834
3841
3843
3849
3851
3852
3854
3858
3859
3861
3862
3864
3866
3869
3870
3873
3876
3879
3880
3881
3882
3884
3885
3886
3888
3889
3890
3891
3892
3893
3894
3895
3896
3899
3900
3908
3909
3910
3911
3912
3913
3914
3920
3921
3922
3924
3925
3926
3928
3929
3930
3935
3939
3940
3952
3954
3956
3960
3961
3963
3965
3969
3970
3973
3974
3976
3978
3979
3981
3983
3984
3987
3990
3998
4002
4004
4008
4010
4020
4023
4026
4027
4032
4033
4035
4036
4037
4038
4041
4042
4044
4046
4048
4050
4051
4055
4056
4058
4059
4060
4062
4064
4065
4066
4067
4068
4069
4070
4071
4075
4076
4077
4079
4080
4082
4085
4086
4088
4090
4092
4093
4100
4101
4102
4103
4106
4107
4108
4109
4110
4111
4113
4114
4115
4116
4118
4119
4122
4124
4125
4129
4134
4141
4144
4145
4146
4149
4151
4152
4154
4155
4157
4163
4166
4167
4168
4169
4173
4176
4177
4178
4179
4184
4186
4187
4188
4194
4195
4196
4201
4205
4206
4207
4208
4210
4211
4213
4214
4217
4218
4220
4222
4225
4226
4227
4229
4232
4233
4234
4235
4236
4237
4238
4244
4245
4247
4248
4252
4255
4256
4259
4264
4269
4273
4275
4277
4279
4283
4287
4288
4295
4296
4297
4298
4305
4307
4315
4317
4319
4320
4321
4322
4323
4327
4328
4333
4334
4336
4337
4338
4339
4340
4342
4344
4347
4352
4354
4355
4356
4357
4367
4368
4370
4371
4376
4382
4385
4386
4389
4390
4391
4393
4397
4399
4400
4402
4403
4405
4407
4410
4414
4415
4420
4421
4423
4425
4428
4429
4430
4434
4437
4438
4439
4441
4444
4446
4447
4448
4449
4450
4454
4455
4456
4457
4459
4460
4462
4464
4466
4468
4470
4473
4474
4475
4486
4487
4489
4492
4494
4496
4500
4501
4502
4503
4509
4511
4513
4515
4516
4518
4519
4520
4523
4526
4527
4528
4529
4532
4534
4538
4539
4541
4543
4545
4546
4547
4548
4549
4551
4553
4554
4559
4561
4562
4564
4569
4570
4571
4572
4574
4575
4576
4577
4578
4579
4584
4586
4589
4591
4592
4593
4594
4595
4596
4598
4601
4603
4604
4608
4611
4613
4615
4618
4621
4622
4623
4626
4628
4630
4631
4633
4635
4636
4637
4638
4640
4641
4644
4646
4650
4651
4652
4653
4654
4655
4658
4663
4665
4667
4669
4670
4671
4672
4673
4674
4676
4677
4678
4679
4680
4681
4683
4684
4687
4688
4691
4692
4693
4695
4700
4701
4703
4704
4705
4706
4707
4710
4716
4717
4720
4722
4723
4729
4730
4733
4735
4736
4737
4738
4740
4742
4743
4749
4750
4752
4756
4757
4759
4762
4763
4764
4765
4766
4767
4768
4769
4771
4772
4773
4774
4776
4777
4781
4782
4787
4789
4792
4793
4794
4796
4797
4799
4805
4806
4807
4809
4810
4811
4812
4815
4816
4820
4822
4824
4825
4830
4831
4832
4833
4834
4836
4841
4842
4843
4844
4852
4853
4854
4855
4856
4858
4863
4866
4868
4872
4875
4876
4877
4878
4880
4881
4882
4883
4886
4889
4890
4893
4895
4896
4897
4898
4899
4902
4903
4906
4907
4908
4913
4914
4917
4918
4919
4921
4922
4925
4926
4930
4931
4933
4934
4936
4939
4941
4942
4943
4945
4946
4948
4949
4951
4953
4955
4956
4957
4958
4959
4966
4968
4970
4974
4978
4980
4981
4982
4983
4984
4985
4988
4991
4993
4995
4997
4998
5001
5003
5004
5011
5014
5015
5023
5028
5030
5035
5036
5038
5039
5044
5045
5046
5047
5048
5053
5056
5058
5065
5066
5067
5069
5074
5077
5079
5081
5082
5085
5088
5089
5090
5091
5094
5095
5096
5101
5103
5106
5107
5108
5109
5110
5111
5113
5114
5118
5120
5125
5129
5130
5131
5132
5133
5134
5135
5137
5138
5139
5144
5146
5147
5149
5151
5153
5155
5156
5157
5158
5159
5161
5164
5165
5172
5173
5180
5183
5184
5185
5186
5190
5192
5193
5194
5195
5196
5197
5199
5201
5205
5207
5208
5211
5212
5216
5217
5218
5219
5223
5225
5226
5228
5232
5237
5238
5239
5240
5243
5244
5245
5246
5248
5249
5252
5253
5254
5256
5258
5261
5264
5267
5271
5273
5277
5278
5281
5282
5283
5284
5285
5286
5287
5288
5289
5290
5291
5292
5293
5294
5295
5296
5298
5299
5302
5303
5305
5312
5314
5315
5316
5317
5322
5323
5325
5328
5330
5331
5334
5336
5337
5338
5340
5343
5344
5345
5347
5349
5350
5351
5354
5355
5358
5361
5362
5363
5364
5365
5366
5367
5371
5372
5373
5376
5378
5379
5383
5385
5386
5388
5389
5391
5392
5393
5394
5399
5400
5406
5408
5409
5410
5411
5412
5413
5417
5418
5424
5425
5428
5429
5430
5431
5432
5433
5434
5437
5440
5442
5443
5448
5450
5452
5453
5454
5455
5457
5460
5462
5464
5465
5466
5467
5470
5473
5476
5478
5481
5484
5486
5488
5489
5492
5494
5495
5499
5501
5502
5505
5507
5508
5509
5513
5515
5518
5519
5526
5527
5529
5530
5534
5537
5539
5540
5542
5547
5548
5551
5552
5554
5555
5558
5560
5561
5562
5565
5567
5569
5570
5572
5573
5574
5575
5576
5583
5585
5587
5588
5589
5593
5594
5595
5596
5597
5599
5601
5602
5603
5604
5605
5607
5608
5611
5612
5613
5615
5616
5618
5619
5622
5623
5625
5627
5628
5629
5630
5631
5634
5636
5637
5639
5640
5642
5644
5646
5647
5648
5649
5650
5652
5654
5665
5666
5670
5673
5675
5676
5677
5678
5679
5682
5683
5684
5686
5687
5690
5691
5692
5693
5694
5695
5696
5697
5699
5700
5702
5704
5705
5707
5711
5713
5714
5718
5720
5722
5723
5725
5726
5727
5731
5732
5734
5735
5736
5741
5743
5745
5751
5753
5757
5758
5760
5761
5765
5771
5772
5773
5775
5777
5778
5779
5788
5790
5791
5792
5794
5795
5799
5806
5807
5815
5822
5827
5829
5832
5833
5835
5837
5838
5841
5843
5846
5848
5849
5851
5852
5855
5857
5858
5859
5861
5862
5864
5867
5868
5871
5872
5873
5874
5875
5877
5878
5880
5881
5882
5883
5885
5888
5889
5891
5893
5895
5896
5898
5899
5905
5906
5907
5909
5911
5913
5915
5917
5918
5919
5921
5923
5925
5926
5927
5928
5933
5937
5939
5940
5943
5946
5950
5951
5952
5954
5955
5960
5961
5962
5963
5966
5967
5968
5970
5974
5976
5977
5978
5984
5985
5994
5995
5998
5999
6000
6004
6005
6006
6007
6008
6013
6015
6017
6021
6028
6030
6031
6033
6037
6040
6041
6043
6047
6048
6052
6054
6057
6060
6062
6065
6066
6068
6070
6076
6077
6080
6082
6083
6085
6088
6089
6091
6093
6095
6099
6104
6112
6115
6116
6117
6118
6119
6121
6124
6126
6127
6128
6129
6133
6137
6138
6139
6142
6143
6145
6146
6147
6151
6152
6154
6156
6158
6162
6163
6164
6165
6166
6167
6168
6170
6171
6176
6177
6178
6180
6182
6185
6187
6189
6190
6193
6194
6195
6196
6202
6206
6207
6209
6211
6212
6213
6214
6215
6220
6221
6223
6225
6226
6227
6228
6231
6234
6235
6237
6238
6239
6240
6243
6246
6247
6249
6250
6251
6252
6253
6256
6257
6258
6259
6260
6261
6262
6265
6269
6270
6271
6272
6273
6274
6278
6283
6285
6286
6289
6290
6292
6294
6296
6297
6301
6303
6305
6306
6307
6308
6309
6311
6312
6313
6315
6318
6321
6323
6324
6328
6329
6332
6335
6336
6337
6340
6341
6344
6346
6347
6348
6352
6353
6354
6355
6366
6367
6368
6369
6378
6379
6380
6381
6383
6385
6386
6390
6394
6398
6401
6402
6405
6406
6411
6412
6413
6414
6416
6417
6418
6419
6420
6421
6425
6427
6435
6439
6442
6444
6448
6450
6451
6452
6462
6463
6466
6467
6471
6472
6473
6475
6476
6477
6480
6481
6482
6483
6484
6485
6489
6491
6492
6495
6499
6500
6501
6502
6504
6505
6507
6508
6510
6513
6514
6518
6520
6523
6526
6529
6530
6531
6534
6535
6536
6541
6547
6548
6549
6551
6552
6554
6555
6556
6557
6558
6559
6561
6563
6569
6570
6572
6573
6574
6577
6578
6579
6580
6585
6588
6590
6593
6597
6601
6602
6604
6605
6606
6608
6609
6610
6611
6614
6617
6622
6623
6626
6627
6629
6633
6639
6640
6643
6644
6647
6648
6651
6654
6658
6659
6660
6662
6665
6666
6671
6674
6675
6677
6679
6680
6681
6682
6683
6686
6688
6690
6691
6692
6695
6703
6706
6707
6708
6710
6713
6715
6716
6718
6720
6723
6725
6726
6727
6730
6735
6738
6744
6745
6746
6747
6749
6750
6753
6754
6755
6756
6759
6763
6765
6766
6768
6769
6771
6772
6775
6782
6783
6784
6786
6787
6792
6796
6798
6800
6801
6803
6804
6805
6813
6816
6817
6818
6819
6820
6823
6826
6828
6830
6831
6832
6833
6836
6837
6839
6840
6841
6842
6844
6845
6846
6847
6852
6853
6856
6859
6861
6863
6865
6866
6867
6868
6870
6871
6875
6878
6883
6885
6886
6887
6889
6890
6891
6893
6894
6904
6905
6907
6909
6916
6918
6919
6920
6922
6923
6929
6931
6932
6933
6934
6938
6939
6940
6941
6950
6953
6955
6956
6957
6960
6964
6965
6968
6971
6972
6973
6975
6977
6978
6980
6985
6986
6989
6991
6992
6993
6995
6996
6997
6999
7000
7005
7007
7008
7009
7012
7016
7019
7020
7024
7028
7030
7032
7033
7036
7037
7041
7042
7045
7047
7055
7056
7057
7064
7066
7069
7071
7074
7078
7079
7080
7082
7084
7085
7086
7087
7088
7091
7092
7093
7095
7096
7098
7099
7102
7103
7104
7105
7106
7107
7113
7115
7119
7129
7130
7132
7136
7137
7139
7140
7143
7145
7146
7151
7153
7154
7155
7156
7157
7160
7164
7168
7169
7170
7172
7173
7175
7176
7177
7178
7180
7181
7182
7184
7185
7186
7190
7194
7198
7200
7203
7204
7206
7211
7212
7214
7215
7217
7219
7220
7221
7222
7223
7227
7231
7232
7233
7234
7238
7239
7240
7242
7243
7247
7253
7254
7257
7259
7260
7262
7263
7264
7265
7267
7269
7271
7276
7278
7283
7284
7285
7286
7288
7291
7294
7297
7301
7305
7307
7308
7309
7315
7317
7318
7321
7325
7327
7328
7331
7333
7334
7335
7336
7337
7338
7339
7340
7343
7344
7347
7349
7352
7353
7354
7356
7357
7370
7371
7375
7378
7380
7381
7382
7385
7388
7389
7397
7399
7400
7403
7404
7405
7406
7407
7408
7409
7411
7412
7414
7417
7419
7420
7421
7425
7427
7428
7429
7433
7434
7437
7438
7440
7441
7442
7447
7451
7453
7459
7461
7463
7466
7472
7474
7476
7477
7478
7479
7480
7481
7483
7484
7486
7488
7489
7490
7491
7492
7493
7499
7506
7507
7510
7511
7512
7514
7518
7519
7521
7523
7525
7526
7527
7529
7531
7532
7536
7538
7542
7543
7544
7546
7547
7551
7552
7553
7554
7557
7558
7560
7564
7566
7567
7570
7574
7576
7580
7584
7585
7587
7588
7589
7590
7591
7592
7594
7595
7597
7599
7600
7601
7603
7604
7608
7614
7615
7617
7620
7621
7625
7626
7630
7632
7643
7645
7650
7653
7656
7658
7659
7660
7661
7662
7665
7668
7670
7671
7672
7673
7674
7675
7676
7677
7678
7679
7680
7682
7685
7688
7690
7691
7692
7694
7696
7698
7701
7702
7704
7705
7706
7709
7711
7712
7714
7715
7716
7717
7719
7721
7722
7723
7726
7727
7729
7730
7732
7733
7734
7738
7744
7747
7750
7751
7752
7753
7755
7757
7759
7761
7763
7766
7768
7769
7775
7776
7778
7779
7781
7786
7787
7788
7791
7793
7794
7796
7798
7800
7806
7808
7810
7811
7815
7820
7821
7822
7824
7826
7829
7830
7831
7835
7836
7837
7838
7840
7846
7850
7852
7855
7856
7857
7859
7860
7861
7862
7863
7864
7865
7867
7871
7873
7874
7875
7876
7877
7879
7880
7881
7882
7885
7887
7888
7890
7891
7894
7895
7897
7898
7901
7902
7913
7917
7920
7921
7925
7926
7928
7929
7930
7932
7935
7936
7939
7940
7941
7942
7943
7945
7946
7948
7949
7950
7952
7953
7954
7955
7957
7958
7960
7961
7962
7963
7967
7968
7970
7971
7972
7973
7976
7977
7978
7979
7980
7982
7984
7985
7988
7989
7990
7996
8001
8004
8005
8008
8011
8012
8016
8018
8019
8022
8025
8032
8035
8037
8038
8039
8040
8041
8042
8043
8046
8048
8052
8053
8054
8056
8057
8058
8061
8062
8066
8069
8070
8073
8077
8078
8082
8084
8087
8091
8096
8101
8103
8104
8106
8107
8110
8113
8116
8118
8124
8126
8127
8128
8130
8131
8132
8133
8134
8135
8137
8139
8140
8141
8148
8150
8151
8153
8154
8155
8156
8158
8160
8161
8166
8167
8170
8175
8176
8177
8178
8181
8183
8185
8186
8188
8189
8190
8191
8195
8197
8200
8203
8204
8205
8206
8208
8210
8213
8214
8215
8217
8218
8221
8223
8225
8226
8227
8228
8229
8230
8233
8236
8241
8242
8243
8244
8246
8247
8248
8249
8250
8252
8253
8257
8258
8260
8261
8262
8263
8264
8265
8269
8273
8274
8275
8277
8281
8282
8285
8287
8289
8291
8292
8293
8295
8296
8299
8300
8302
8304
8305
8306
8308
8310
8313
8314
8317
8318
8323
8326
8328
8330
8331
8332
8335
8336
8340
8341
8343
8346
8347
8348
8349
8350
8353
8354
8355
8358
8359
8360
8362
8364
8365
8374
8375
8376
8378
8379
8380
8382
8386
8387
8388
8389
8392
8393
8394
8395
8396
8398
8399
8400
8407
8408
8409
8410
8412
8418
8420
8421
8423
8431
8434
8435
8437
8438
8442
8445
8448
8450
8452
8454
8455
8456
8458
8459
8461
8463
8466
8467
8469
8470
8473
8474
8475
8476
8481
8486
8487
8488
8489
8492
8493
8498
8499
8503
8504
8505
8507
8513
8514
8516
8518
8520
8523
8524
8525
8527
8529
8530
8531
8532
8534
8535
8537
8538
8541
8544
8548
8549
8551
8552
8553
8554
8556
8559
8561
8562
8563
8564
8565
8566
8568
8572
8573
8575
8576
8580
8582
8584
8590
8591
8593
8594
8595
8598
8599
8600
8603
8605
8607
8608
8610
8613
8614
8616
8617
8618
8621
8623
8626
8627
8628
8630
8633
8634
8637
8638
8639
8642
8643
8644
8645
8646
8649
8650
8651
8653
8654
8656
8658
8660
8661
8663
8665
8666
8668
8669
8672
8676
8679
8683
8685
8688
8689
8695
8696
8697
8698
8699
8703
8704
8706
8710
8712
8713
8714
8716
8723
8725
8729
8730
8731
8732
8734
8737
8738
8739
8741
8742
8743
8745
8748
8749
8751
8753
8754
8755
8757
8758
8759
8761
8763
8765
8768
8769
8770
8773
8774
8776
8777
8778
8779
8785
8786
8788
8790
8794
8797
8798
8799
8802
8804
8806
8807
8808
8810
8812
8813
8814
8816
8817
8821
8822
8824
8827
8832
8834
8835
8837
8839
8842
8843
8846
8849
8850
8853
8860
8861
8866
8867
8868
8872
8875
8881
8883
8884
8885
8886
8887
8889
8891
8892
8893
8897
8900
8902
8906
8907
8908
8909
8911
8916
8918
8919
8923
8924
8926
8930
8933
8936
8937
8938
8941
8942
8943
8944
8946
8947
8948
8949
8950
8951
8952
8953
8955
8957
8958
8959
8960
8962
8963
8964
8966
8967
8969
8971
8973
8974
8975
8976
8977
8978
8979
8984
8985
8991
8993
8997
8998
9000
9002
9005
9006
9007
9010
9012
9013
9015
9017
9020
9021
9023
9024
9027
9030
9032
9033
9035
9040
9046
9051
9052
9053
9057
9059
9061
9064
9065
9066
9067
9069
9072
9081
9084
9086
9087
9088
9090
9092
9094
9096
9097
9100
9101
9103
9104
9107
9112
9114
9116
9118
9120
9121
9123
9124
9129
9130
9132
9134
9135
9138
9142
9147
9150
9151
9152
9153
9154
9155
9159
9160
9161
9163
9170
9172
9175
9177
9179
9181
9182
9187
9188
9190
9191
9194
9196
9197
9198
9199
9200
9202
9206
9208
9209
9210
9213
9214
9215
9217
9220
9221
9222
9225
9226
9228
9229
9230
9231
9232
9235
9241
9247
9248
9252
9256
9257
9260
9264
9265
9266
9268
9272
9273
9274
9278
9279
9280
9283
9285
9290
9291
9293
9294
9297
9298
9299
9300
9301
9302
9303
9305
9307
9310
9311
9314
9315
9316
9320
9322
9323
9326
9327
9328
9329
9330
9333
9339
9340
9341
9342
9343
9344
9345
9349
9352
9353
9360
9363
9364
9365
9374
9378
9380
9382
9384
9386
9389
9390
9392
9393
9394
9396
9398
9400
9403
9407
9409
9411
9414
9415
9416
9418
9419
9420
9424
9425
9426
9428
9431
9434
9435
9438
9439
9446
9448
9449
9451
9453
9454
9457
9458
9459
9460
9464
9467
9468
9469
9471
9472
9473
9474
9475
9478
9479
9481
9482
9483
9484
9487
9488
9492
9494
9497
9499
9504
9505
9507
9508
9509
9510
9514
9517
9518
9519
9521
9523
9524
9525
9532
9535
9538
9541
9545
9546
9547
9548
9550
9551
9553
9554
9555
9556
9558
9559
9561
9562
9568
9571
9572
9576
9578
9580
9582
9584
9587
9588
9589
9590
9592
9596
9597
9598
9599
9601
9602
9606
9608
9610
9611
9614
9615
9617
9619
9621
9624
9626
9628
9630
9631
9633
9635
9636
9639
9640
9641
9647
9651
9652
9653
9654
9655
9657
9660
9662
9666
9669
9671
9673
9674
9675
9677
9679
9680
9682
9683
9686
9689
9693
9697
9704
9705
9710
9712
9715
9717
9720
9721
9722
9724
9725
9730
9731
9732
9733
9735
9737
9739
9740
9741
9744
9745
9746
9747
9750
9751
9758
9759
9761
9762
9764
9767
9768
9769
9772
9773
9775
9780
9781
9783
9784
9786
9788
9790
9793
9794
9796
9797
9802
9803
9806
9811
9812
9814
9816
9817
9818
9819
9820
9821
9822
9823
9824
9825
9826
9827
9828
9830
9831
9832
9833
9834
9835
9839
9841
9842
9845
9846
9847
9848
9849
9852
9853
9856
9860
9861
9864
9866
9869
9870
9872
9873
9878
9883
9885
9886
9888
9891
9893
9894
9895
9897
9898
9901
9905
9906
9911
9912
9913
9914
9918
9919
9920
9929
9930
9934
9935
9939
9940
9941
9944
9947
9949
9950
9954
9955
9956
9958
9959
9962
9966
9968
9971
9972
9976
9982
9988
9991
9993
9994
9995
9998
9999
